  114     8     1
  121     8     1
  126     8     1
  134     8     1
  139     8     1
  145     8     1
  148     7     1
  151     7     1
  159     8     1
  163     7     1
  168     7     1
  175     7     1
  177     8     1
  184     7     1
  185     6     1
  190     7     1
  193     6     1
  198     8     1
  202     6     1
  206     7     1
  211     7     1
  216     6     1
  220     6     1
  221     6     1
  225     8     1
  228     7     1
  229     5     1
  236     6     1
  240     5     1
  246     6     1
  247     7     1
  251     8     1
  254     6     1
  256     5     1
  261     5     1
  264     6     1
  269     5     1
  274     5     1
  278     4     1
  279     7     1
  281     8     1
  284     6     1
  286     6     1
  292     4     1
  296     5     1
  297     5     1
  301     5     1
  305     4     1
  312     4     1
  314     7     1
  315     6     1
  318     4     1
  319     8     1
  324     5     1
  327     4     1
  330     3     1
  335     6     1
  340     5     1
  342     4     1
  344     6     1
  348     7     1
  350     5     1
  352     4     1
  355     3     1
  359     8     1
  361     4     1
  363     3     1
  370     3     1
  372     3     1
  375     5     1
  376     6     1
  380     7     1
  383     6     1
  385     4     1
  387     5     1
  391     4     1
  395     2     1
  402     3     1
  406     3     1
  407     3     1
  412     5     1
  413     6     1
  416     4     1
  417     2     1
  424     2     1
  425     3     1
  428     8     1
  430     6     1
  436     5     1
  440     2     1
  442     4     1
  447     2     1
  449     3     1
  454     5     1
  455     4     1
  458     7     1
  460     3     1
  462     2     1
  468     1     1
  471     2     1
  473     2     1
  477     4     1
  484     6     1
  486     1     1
  489     3     1
  490     6     1
  493     5     1
  496     1     1
  501     4     1
  503     2     1
  504     8     1
  510     3     1
  513     1     1
  517     2     1
  521     1     1
  525     5     1
  526     3     1
  530     1     1
  532     2     1
  534     7     1
  536     1    -1
  540     6     1
  543     5     1
  552     1     1
  553     1     1
  556     4     1
  559     3     1
  563     1    -1
  569     1    -1
  572     4     1
  573     2     1
  575     2     1
  576     6     1
  581     8     1
  584     1     1
  587     1     1
  591     1    -1
  593     1    -1
  597     1    -1
  602     6     1
  608     5     1
  610     4     1
  611     5     1
  616     3     1
  617     7     1
  620     1     1
  625     3     1
  627     2    -1
  630     1    -1
  634     2     1
  638     1    -1
  643     1     1
  646     2    -1
  652     2    -1
  654     4     1
  656     6     1
  657     2     1
  662     1    -1
  666     6     1
  668     8     1
  669     1    -1
  674     5     1
  675     4     1
  679     2    -1
  686     3     1
  687     2    -1
  694     2    -1
  695     2     1
  699     3     1
  700     5     1
  703     3    -1
  707     2    -1
  714     1     1
  716     1     1
  718     7     1
  722     2    -1
  726     1    -1
  728     6     1
  729     3    -1
  733     5     1
  736     3    -1
  740     4     1
  742     2    -1
  745     4     1
  747     3     1
  749     2     1
  752     6     1
  754     2     1
  756     8     1
  758     1    -1
  762     3    -1
  766     3    -1
  767     1     1
  772     3    -1
  774     1    -1
  777     3    -1
  779     3     1
  780     5     1
  785     4    -1
  788     6     1
  790     7     1
  791     1     1
  794     5     1
  795     4     1
  798     2    -1
  799     2    -1
  804     3     1
  805     4    -1
  809     2     1
  814     3    -1
  815     3    -1
  818     1     1
  820     4     1
  823     6     1
  824     2     1
  826     1    -1
  827     8     1
  829     1    -1
  834     3    -1
  836     4    -1
  838     7     1
  840     6     1
  843     2    -1
  845     5     1
  847     2    -1
  850     4     1
  851     3    -1
  856     3    -1
  857     3     1
  860     5     1
  861     3     1
  864     3    -1
  865     7     1
  867     1     1
  870     2     1
  874     1    -1
  875     3    -1
  877     1     1
  879     3    -1
  882     2    -1
  885     8     1
  888     7     1
  889     1    -1
  890     4     1
  893     6     1
  895     2     1
  898     6     1
  899     3    -1
  901     2    -1
  904     5     1
  907     8     1
  908     1     1
  909     4     1
  912     2    -1
  913     1    -1
  918     3     1
  920     2    -1
  921     2    -1
  924     2    -1
  925     2     1
  928     5     1
  930     3     1
  932     7     1
  933     2     1
  940     1     1
  941     1     1
  944     8     1
  946     2    -1
  948     2    -1
  949     7     1
  952     6     1
  954     1    -1
  955     1    -1
  957     5     1
  959     4     1
  961     3     1
  965     6     1
  966     2    -1
  968     4     1
  969     1    -1
  971     2     1
  973     8     1
  975     1    -1
  978     3     1
  980     1     1
  982     1    -1
  983     2     1
  988     1    -1
  992     1    -1
  993     8     1
  997     5     1
  998     4     1
  999     7     1
 1002     3     1
 1004     7     1
 1006     1     1
 1007     6     1
 1009     1    -1
 1012     2     1
 1014     1    -1
 1015     5     1
 1017     1     1
 1019     1     1
 1021     4     1
 1024     1    -1
 1025     5     1
 1028     4     1
 1029     6     1
 1031     1     1
 1033     1     1
 1036     3     1
 1039     3     1
 1045     8     1
 1047     2     1
 1050     2     1
 1051     1     1
 1054     7     1
 1056     1     1
 1057     1     1
 1059     6     1
 1062     2     1
 1064     6     1
 1066     5     1
 1068     4     1
 1069     5     1
 1072     1     1
 1074     1     1
 1076     3     1
 1077     2     1
 1080     4     1
 1086     2     1
 1092     3     1
 1094     1     1
 1096     2     1
 1097     8     1
 1100     6     1
 1102     2     1
 1104     5     1
 1105     4     1
 1107     7     1
 1110     3     1
 1112     3     1
 1114     6     1
 1115     2     1
 1118     2     1
 1120     3     1
 1122     2     1
 1124     5     1
 1128     6     1
 1132     5     1
 1134     2     1
 1138     4     1
 1140     3     1
 1142     2     1
 1145     4     1
 1149     3     1
 1152     4     1
 1154     8     1
 1155     2     1
 1157     3     1
 1160     7     1
 1161     3     1
 1164     4     1
 1165     6     1
 1168     5     1
 1169     6     1
 1172     3     1
 1173     4     1
 1179     3     1
 1184     4     1
 1185     5     1
 1190     3     1
 1193     5     1
 1196     3     1
 1199     4     1
 1202     6     1
 1204     3     1
 1205     8     1
 1207     5     1
 1210     5     1
 1211     7     1
 1212     4     1
 1215     4     1
 1217     3     1
 1222     5     1
 1225     6     1
 1227     4     1
 1233     6     1
 1237     4     1
 1239     6     1
 1243     4     1
 1244     5     1
 1246     5     1
 1251     6     1
 1254     4     1
 1255     4     1
 1259     5     1
 1260     8     1
 1261     4     1
 1264     6     1
 1268     6     1
 1270     7     1
 1278     5     1
 1279     5     1
 1282     4     1
 1286     7     1
 1287     6     1
 1291     5     1
 1295     7     1
 1298     5     1
 1299     6     1
 1301     5     1
 1306     6     1
 1308     7     1
 1309     8     1
 1313     5     1
 1319     6     1
 1322     5     1
 1327     7     1
 1329     8     1
 1332     5     1
 1336     8     1
 1338     6     1
 1342     6     1
 1343     5     1
 1346     7     1
 1350     6     1
 1352     8     1
 1356     6     1
 1362     7     1
 1367     6     1
 1369     8     1
 1377     6     1
 1379     7     1
 1381     6     1
 1388     8     1
 1389     6     1
 1396     7     1
 1399     8     1
 1402     6     1
 1415     7     1
 1419     8     1
 1421     7     1
 1429     7     1
 1438     8     1
 1441     7     1
 1452     7     1
 1461     8     1
 1467     7     1
 1482     8     1
 1487     8     1
 1505     8     1
 1527     8     1

  145     8     1
  148     8     1
  151     8     1
  163     8     1
  168     8     1
  175     8     1
  184     7     1
  185     7     1
  190     8     1
  193     7     1
  202     7     1
  206     8     1
  211     7     1
  216     7     1
  220     7     1
  221     6     1
  228     8     1
  229     6     1
  236     7     1
  240     6     1
  246     7     1
  247     8     1
  254     6     1
  256     6     1
  261     6     1
  264     7     1
  269     5     1
  274     6     1
  278     5     1
  279     8     1
  284     7     1
  286     6     1
  292     5     1
  296     6     1
  297     6     1
  301     5     1
  305     5     1
  312     5     1
  314     8     1
  315     7     1
  318     4     1
  324     6     1
  327     5     1
  330     4     1
  335     6     1
  340     5     1
  342     5     1
  344     7     1
  348     8     1
  350     6     1
  352     4     1
  355     4     1
  361     5     1
  363     4     1
  370     4     1
  372     3     1
  375     6     1
  376     7     1
  380     8     1
  383     6     1
  385     5     1
  387     5     1
  391     4     1
  395     3     1
  402     4     1
  406     4     1
  407     3     1
  412     6     1
  413     7     1
  416     5     1
  417     3     1
  424     3     1
  425     4     1
  430     6     1
  436     5     1
  440     3     1
  442     4     1
  447     2     1
  449     3     1
  454     6     1
  455     5     1
  458     8     1
  460     4     1
  462     3     1
  468     2     1
  471     3     1
  473     2     1
  477     5     1
  484     6     1
  486     2     1
  489     4     1
  490     7     1
  493     5     1
  496     2     1
  501     4     1
  503     3     1
  510     3     1
  513     1     1
  517     2     1
  521     2     1
  525     6     1
  526     4     1
  530     2     1
  532     3     1
  534     8     1
  536     1     1
  540     6     1
  543     5     1
  552     2     1
  553     1     1
  556     4     1
  559     3     1
  563     1     1
  569     1     1
  572     5     1
  573     2     1
  575     3     1
  576     7     1
  584     2     1
  587     1     1
  591     1    -1
  593     1     1
  597     1     1
  602     6     1
  608     5     1
  610     4     1
  611     6     1
  616     4     1
  617     8     1
  620     2     1
  625     3     1
  627     1    -1
  630     1    -1
  634     2     1
  638     1     1
  643     1     1
  646     1    -1
  652     1    -1
  654     5     1
  656     7     1
  657     3     1
  662     1    -1
  666     6     1
  669     1     1
  674     5     1
  675     4     1
  679     2    -1
  686     3     1
  687     1    -1
  694     1    -1
  695     2     1
  699     4     1
  700     6     1
  703     2    -1
  707     2    -1
  714     1     1
  716     2     1
  718     8     1
  722     1    -1
  726     1    -1
  728     6     1
  729     2    -1
  733     5     1
  736     2    -1
  740     4     1
  742     2    -1
  745     5     1
  747     3     1
  749     3     1
  752     7     1
  754     2     1
  758     1     1
  762     3    -1
  766     2    -1
  767     1     1
  772     2    -1
  774     1    -1
  777     3    -1
  779     4     1
  780     6     1
  785     3    -1
  788     6     1
  790     8     1
  791     2     1
  794     5     1
  795     4     1
  798     2    -1
  799     1    -1
  804     3     1
  805     3    -1
  809     2     1
  814     3    -1
  815     3    -1
  818     1     1
  820     5     1
  823     7     1
  824     3     1
  826     1     1
  829     1    -1
  834     4    -1
  836     3    -1
  838     6     1
  840     5     1
  843     2    -1
  845     4     1
  847     2    -1
  850     3     1
  851     4    -1
  856     3    -1
  857     2     1
  860     6     1
  861     4     1
  864     3    -1
  865     8     1
  867     2     1
  870     1     1
  874     1    -1
  875     4    -1
  877     1    -1
  879     4    -1
  882     2    -1
  885     6     1
  888     5     1
  889     2    -1
  890     5     1
  893     7     1
  895     3     1
  898     4     1
  899     4    -1
  901     3    -1
  904     3     1
  908     1     1
  909     2     1
  912     3    -1
  913     1    -1
  918     1     1
  920     3    -1
  921     3    -1
  924     2    -1
  925     1    -1
  928     6     1
  930     4     1
  932     8     1
  933     2     1
  938     7     1
  940     1     1
  941     2    -1
  944     6     1
  946     3    -1
  948     3    -1
  949     5     1
  952     4     1
  954     1    -1
  955     2    -1
  957     3     1
  959     5     1
  961     3     1
  965     7     1
  966     3    -1
  968     2     1
  969     2    -1
  971     2     1
  975     3    -1
  978     1     1
  980     1    -1
  982     2    -1
  983     1    -1
  985     8     1
  988     2    -1
  989     7     1
  992     1    -1
  993     6     1
  997     6     1
  998     4     1
  999     5     1
 1002     3     1
 1004     8     1
 1006     1    -1
 1007     4     1
 1009     2    -1
 1012     1     1
 1014     2    -1
 1015     3     1
 1017     2    -1
 1019     1     1
 1021     2     1
 1024     2    -1
 1025     5     1
 1028     4     1
 1029     7     1
 1031     1    -1
 1033     2    -1
 1036     1     1
 1039     2     1
 1042     8     1
 1043     7     1
 1045     6     1
 1047     1     1
 1050     1     1
 1051     1    -1
 1054     5     1
 1056     1    -1
 1057     1     1
 1059     4     1
 1062     1    -1
 1064     6     1
 1066     5     1
 1068     3     1
 1069     3     1
 1072     1    -1
 1074     1    -1
 1076     2     1
 1077     1    -1
 1080     2     1
 1086     2     1
 1087     8     1
 1090     7     1
 1092     2     1
 1094     1    -1
 1096     1    -1
 1097     6     1
 1100     6     1
 1102     1     1
 1104     4     1
 1105     3     1
 1107     5     1
 1110     1     1
 1112     2     1
 1114     4     1
 1115     1     1
 1118     1     1
 1120     1     1
 1122     2     1
 1124     3     1
 1128     5     1
 1132     4     1
 1134     1     1
 1138     3     1
 1140     1     1
 1142     1     1
 1144     8     1
 1145     3     1
 1147     7     1
 1149     3     1
 1152     2     1
 1154     6     1
 1155     1     1
 1157     1     1
 1160     5     1
 1161     2     1
 1164     2     1
 1165     5     1
 1168     4     1
 1169     4     1
 1172     2     1
 1173     3     1
 1179     2     1
 1184     2     1
 1185     4     1
 1190     3     1
 1191     8     1
 1193     3     1
 1196     2     1
 1198     7     1
 1199     2     1
 1202     5     1
 1204     2     1
 1205     6     1
 1207     4     1
 1210     3     1
 1211     5     1
 1212     4     1
 1215     2     1
 1217     2     1
 1222     3     1
 1225     5     1
 1227     3     1
 1233     5     1
 1237     3     1
 1239     4     1
 1243     3     1
 1244     3     1
 1246     4     1
 1247     8     1
 1250     7     1
 1251     4     1
 1254     4     1
 1255     3     1
 1259     3     1
 1260     6     1
 1261     3     1
 1264     4     1
 1268     5     1
 1270     6     1
 1278     3     1
 1279     5     1
 1282     3     1
 1286     5     1
 1287     4     1
 1291     4     1
 1293     8     1
 1295     5     1
 1298     4     1
 1299     4     1
 1301     4     1
 1303     7     1
 1306     5     1
 1308     5     1
 1309     7     1
 1313     5     1
 1319     4     1
 1322     4     1
 1327     5     1
 1329     6     1
 1332     4     1
 1336     6     1
 1338     4     1
 1342     6     1
 1343     4     1
 1346     5     1
 1347     8     1
 1350     5     1
 1352     6     1
 1353     8     1
 1356     5     1
 1362     5     1
 1367     5     1
 1369     6     1
 1371     7     1
 1377     6     1
 1379     5     1
 1381     5     1
 1383     7     1
 1388     6     1
 1389     5     1
 1394     7     1
 1396     5     1
 1399     6     1
 1402     5     1
 1409     7     1
 1414     8     1
 1415     6     1
 1419     6     1
 1421     6     1
 1426     8     1
 1428     7     1
 1429     6     1
 1436     8     1
 1438     6     1
 1439     7     1
 1441     6     1
 1449     8     1
 1452     6     1
 1461     6     1
 1464     7     1
 1467     6     1
 1470     8     1
 1476     7     1
 1482     7     1
 1483     8     1
 1487     7     1
 1499     7     1
 1504     8     1
 1505     7     1
 1518     8     1
 1519     7     1
 1527     7     1
 1536     8     1
 1541     8     1
 1559     8     1
 1564     8     1
 1577     8     1

  184     8     1
  185     8     1
  193     8     1
  202     8     1
  211     8     1
  216     8     1
  220     8     1
  221     7     1
  229     7     1
  236     8     1
  240     7     1
  246     7     1
  254     7     1
  256     7     1
  261     7     1
  264     8     1
  269     6     1
  274     7     1
  278     6     1
  284     8     1
  286     7     1
  292     6     1
  296     6     1
  297     7     1
  301     6     1
  305     6     1
  312     6     1
  315     8     1
  318     5     1
  324     7     1
  327     6     1
  330     5     1
  335     6     1
  340     6     1
  342     5     1
  344     8     1
  350     7     1
  352     5     1
  355     5     1
  361     6     1
  363     5     1
  370     5     1
  372     4     1
  375     7     1
  376     8     1
  383     6     1
  385     6     1
  387     5     1
  391     5     1
  395     4     1
  402     5     1
  406     4     1
  407     4     1
  412     7     1
  413     8     1
  416     6     1
  417     4     1
  424     4     1
  425     5     1
  430     6     1
  436     5     1
  440     4     1
  442     4     1
  447     3     1
  449     4     1
  454     7     1
  455     6     1
  460     5     1
  462     3     1
  468     3     1
  471     4     1
  473     3     1
  477     6     1
  484     6     1
  486     3     1
  489     5     1
  490     8     1
  493     5     1
  496     3     1
  501     4     1
  503     4     1
  510     3     1
  513     2     1
  517     3     1
  521     3     1
  525     7     1
  526     5     1
  530     2     1
  532     4     1
  536     2     1
  540     6     1
  543     5     1
  552     3     1
  553     2     1
  556     4     1
  559     3     1
  563     2     1
  569     2     1
  572     6     1
  573     2     1
  575     4     1
  576     8     1
  584     3     1
  587     2     1
  591     1     1
  593     2     1
  597     1     1
  602     6     1
  608     5     1
  610     4     1
  611     7     1
  616     5     1
  620     3     1
  625     3     1
  627     1     1
  630     1     1
  634     2     1
  638     2     1
  643     1     1
  646     1     1
  652     1     1
  654     6     1
  656     8     1
  657     4     1
  662     1     1
  666     6     1
  669     2     1
  674     5     1
  675     4     1
  679     1    -1
  686     3     1
  687     1    -1
  694     1     1
  695     2     1
  699     5     1
  700     7     1
  703     1    -1
  707     1    -1
  714     1     1
  716     3     1
  722     1     1
  726     1    -1
  728     6     1
  729     1    -1
  733     5     1
  736     1    -1
  740     4     1
  742     1    -1
  745     6     1
  747     3     1
  749     4     1
  752     8     1
  754     2     1
  758     2     1
  762     2    -1
  766     2    -1
  767     1     1
  772     1    -1
  774     1    -1
  777     2    -1
  779     5     1
  780     7     1
  785     2    -1
  788     6     1
  791     3     1
  794     5     1
  795     4     1
  798     2    -1
  799     1     1
  804     3     1
  805     2    -1
  809     2     1
  814     2    -1
  815     2    -1
  818     1     1
  820     6     1
  823     8     1
  824     4     1
  826     2     1
  829     1    -1
  834     3    -1
  836     3    -1
  838     6     1
  840     5     1
  843     1    -1
  845     4     1
  847     2    -1
  850     3     1
  851     3    -1
  856     3    -1
  857     2     1
  860     7     1
  861     5     1
  864     3    -1
  867     3     1
  870     1     1
  874     1     1
  875     3    -1
  877     1    -1
  879     3    -1
  882     2    -1
  885     6     1
  888     5     1
  889     2    -1
  890     6     1
  893     8     1
  895     4     1
  898     4     1
  899     4    -1
  901     3    -1
  904     3     1
  908     2     1
  909     2     1
  912     3    -1
  913     1    -1
  918     1     1
  920     4    -1
  921     4    -1
  924     2    -1
  925     1    -1
  928     7     1
  930     5     1
  933     3     1
  938     6     1
  940     1     1
  941     2    -1
  944     5     1
  946     3    -1
  948     4    -1
  949     4     1
  952     3     1
  954     1    -1
  955     3    -1
  957     2     1
  959     6     1
  961     4     1
  965     8     1
  966     3    -1
  968     1     1
  969     2    -1
  971     2     1
  975     4    -1
  978     1    -1
  980     1     1
  982     3    -1
  983     2    -1
  985     7     1
  988     3    -1
  989     6     1
  992     1    -1
  993     5     1
  997     7     1
  998     5     1
  999     4     1
 1002     3     1
 1006     3    -1
 1007     3     1
 1009     3    -1
 1012     2     1
 1014     2    -1
 1015     2     1
 1017     3    -1
 1019     1     1
 1021     1     1
 1024     2    -1
 1025     6     1
 1028     4     1
 1029     8     1
 1031     1    -1
 1033     3    -1
 1036     1    -1
 1038     8     1
 1039     3     1
 1042     7     1
 1043     6     1
 1045     5     1
 1047     2     1
 1050     2    -1
 1051     2    -1
 1054     4     1
 1056     2    -1
 1057     1     1
 1059     3     1
 1062     2    -1
 1064     7     1
 1066     5     1
 1068     4     1
 1069     2     1
 1072     2    -1
 1074     1    -1
 1076     3     1
 1077     2    -1
 1080     1     1
 1084     8     1
 1086     2     1
 1087     7     1
 1090     6     1
 1092     1    -1
 1094     1    -1
 1096     2    -1
 1097     5     1
 1100     6     1
 1102     1     1
 1104     5     1
 1105     4     1
 1107     4     1
 1110     1    -1
 1112     3     1
 1114     3     1
 1115     1    -1
 1118     1    -1
 1120     1    -1
 1122     2     1
 1124     2     1
 1128     6     1
 1132     5     1
 1134     1    -1
 1135     8     1
 1138     1     1
 1140     1    -1
 1142     1     1
 1144     7     1
 1145     4     1
 1147     6     1
 1149     3     1
 1152     1     1
 1154     5     1
 1155     1     1
 1157     1    -1
 1160     4     1
 1161     2     1
 1164     1     1
 1165     6     1
 1168     5     1
 1169     3     1
 1172     1     1
 1173     4     1
 1179     1     1
 1184     1     1
 1185     2     1
 1188     8     1
 1190     3     1
 1191     7     1
 1193     2     1
 1196     1     1
 1198     6     1
 1199     1     1
 1202     6     1
 1204     2     1
 1205     5     1
 1207     5     1
 1210     2     1
 1211     4     1
 1212     4     1
 1215     1     1
 1217     2     1
 1222     2     1
 1225     3     1
 1227     3     1
 1233     6     1
 1235     8     1
 1237     2     1
 1239     3     1
 1243     2     1
 1244     2     1
 1246     5     1
 1247     7     1
 1250     6     1
 1251     3     1
 1254     4     1
 1255     2     1
 1259     2     1
 1260     5     1
 1261     3     1
 1264     3     1
 1268     6     1
 1270     4     1
 1278     2     1
 1279     5     1
 1282     3     1
 1286     4     1
 1287     3     1
 1290     8     1
 1291     4     1
 1293     7     1
 1295     4     1
 1298     3     1
 1299     3     1
 1301     3     1
 1303     6     1
 1306     6     1
 1308     4     1
 1309     5     1
 1313     5     1
 1319     3     1
 1322     3     1
 1327     4     1
 1329     5     1
 1332     4     1
 1336     5     1
 1338     3     1
 1339     8     1
 1342     6     1
 1343     4     1
 1346     4     1
 1347     7     1
 1350     5     1
 1352     5     1
 1353     6     1
 1356     4     1
 1362     4     1
 1367     4     1
 1369     5     1
 1371     6     1
 1377     6     1
 1379     4     1
 1381     4     1
 1383     6     1
 1388     5     1
 1389     5     1
 1392     8     1
 1394     6     1
 1396     4     1
 1398     7     1
 1399     5     1
 1402     5     1
 1409     6     1
 1414     7     1
 1415     6     1
 1419     5     1
 1421     5     1
 1426     7     1
 1428     6     1
 1429     5     1
 1436     7     1
 1438     5     1
 1439     6     1
 1441     5     1
 1444     8     1
 1449     7     1
 1452     6     1
 1457     8     1
 1461     5     1
 1464     6     1
 1467     6     1
 1470     7     1
 1471     8     1
 1476     6     1
 1479     8     1
 1482     6     1
 1483     7     1
 1487     6     1
 1490     8     1
 1499     6     1
 1504     7     1
 1505     6     1
 1510     8     1
 1518     7     1
 1519     6     1
 1525     8     1
 1527     7     1
 1536     7     1
 1541     7     1
 1544     8     1
 1559     7     1
 1562     8     1
 1564     7     1
 1576     8     1
 1577     7     1
 1599     8     1
 1604     8     1
 1617     8     1
 1643     8     1

  221     8     1
  229     8     1
  240     8     1
  246     8     1
  254     8     1
  256     8     1
  261     8     1
  269     7     1
  274     8     1
  278     7     1
  286     7     1
  292     7     1
  296     7     1
  297     8     1
  301     7     1
  305     7     1
  312     7     1
  318     6     1
  324     8     1
  327     7     1
  330     6     1
  335     7     1
  340     6     1
  342     6     1
  350     8     1
  352     6     1
  355     6     1
  361     7     1
  363     6     1
  370     6     1
  372     5     1
  375     8     1
  383     6     1
  385     7     1
  387     6     1
  391     5     1
  395     5     1
  402     6     1
  406     5     1
  407     5     1
  412     8     1
  416     7     1
  417     5     1
  424     5     1
  425     6     1
  430     6     1
  436     5     1
  440     5     1
  442     5     1
  447     4     1
  449     4     1
  455     7     1
  460     6     1
  462     4     1
  468     4     1
  471     5     1
  473     4     1
  477     8     1
  484     6     1
  486     4     1
  489     6     1
  493     5     1
  496     4     1
  501     4     1
  503     5     1
  510     4     1
  513     3     1
  517     3     1
  521     4     1
  525     8     1
  526     7     1
  530     3     1
  532     5     1
  536     3     1
  540     6     1
  543     5     1
  552     4     1
  553     3     1
  556     4     1
  559     3     1
  563     3     1
  569     3     1
  572     7     1
  573     3     1
  575     6     1
  584     4     1
  587     2     1
  591     2     1
  593     3     1
  597     2     1
  602     6     1
  608     5     1
  610     4     1
  611     8     1
  616     6     1
  620     5     1
  625     3     1
  627     2     1
  630     2     1
  634     2     1
  638     3     1
  643     2     1
  646     2     1
  652     2     1
  654     7     1
  657     5     1
  662     1     1
  666     6     1
  669     4     1
  674     5     1
  675     4     1
  679     1     1
  686     3     1
  687     1     1
  694     2     1
  695     2     1
  699     6     1
  700     8     1
  703     1     1
  707     1     1
  714     1     1
  716     4     1
  722     3     1
  726     1     1
  728     6     1
  729     1     1
  733     5     1
  736     1     1
  740     4     1
  742     1    -1
  745     7     1
  747     3     1
  749     5     1
  754     2     1
  758     3     1
  762     1    -1
  766     1    -1
  767     1     1
  772     2     1
  774     1    -1
  777     1    -1
  779     6     1
  780     8     1
  785     1    -1
  788     6     1
  791     4     1
  794     5     1
  795     4     1
  798     1    -1
  799     2     1
  804     3     1
  805     1    -1
  809     2     1
  814     1     1
  815     2    -1
  818     1     1
  820     7     1
  824     5     1
  826     3     1
  829     1    -1
  834     2    -1
  836     2    -1
  838     6     1
  840     5     1
  843     1     1
  845     4     1
  847     2    -1
  850     3     1
  851     2    -1
  856     1    -1
  857     2     1
  860     8     1
  861     6     1
  864     2    -1
  867     4     1
  870     1     1
  874     2     1
  875     2    -1
  877     1    -1
  879     3    -1
  882     1    -1
  885     6     1
  888     5     1
  889     2    -1
  890     7     1
  895     5     1
  898     4     1
  899     3    -1
  901     2    -1
  904     3     1
  908     3     1
  909     2     1
  912     3    -1
  913     1     1
  918     1     1
  920     3    -1
  921     3    -1
  924     2    -1
  925     1    -1
  928     8     1
  930     6     1
  933     4     1
  938     6     1
  940     2     1
  941     2    -1
  944     5     1
  946     3    -1
  948     4    -1
  949     4     1
  952     3     1
  954     1    -1
  955     3    -1
  957     2     1
  959     7     1
  961     5     1
  966     4    -1
  968     1     1
  969     2    -1
  971     3     1
  975     4    -1
  978     1    -1
  980     1     1
  982     3    -1
  983     2    -1
  985     6     1
  988     4    -1
  989     5     1
  992     1    -1
  993     4     1
  997     8     1
  998     6     1
  999     3     1
 1002     4     1
 1006     3    -1
 1007     2     1
 1009     3    -1
 1012     2     1
 1014     2    -1
 1015     1     1
 1017     4    -1
 1019     1     1
 1021     1    -1
 1024     3    -1
 1025     7     1
 1028     5     1
 1031     1    -1
 1033     3    -1
 1036     2    -1
 1038     7     1
 1039     3     1
 1042     6     1
 1043     5     1
 1045     4     1
 1047     2     1
 1050     3    -1
 1051     2    -1
 1054     3     1
 1056     3    -1
 1057     1     1
 1059     2     1
 1062     3    -1
 1064     8     1
 1066     6     1
 1068     4     1
 1069     1     1
 1072     2    -1
 1074     1    -1
 1076     3     1
 1077     3    -1
 1080     1    -1
 1082     8     1
 1084     7     1
 1086     2     1
 1087     6     1
 1090     5     1
 1092     2    -1
 1094     2    -1
 1096     2    -1
 1097     4     1
 1100     7     1
 1102     1     1
 1104     5     1
 1105     4     1
 1107     3     1
 1110     2    -1
 1112     3     1
 1114     2     1
 1115     2    -1
 1118     1    -1
 1120     2    -1
 1122     2     1
 1124     1     1
 1128     6     1
 1130     8     1
 1132     5     1
 1134     1    -1
 1135     7     1
 1138     1    -1
 1140     2    -1
 1142     1     1
 1144     6     1
 1145     4     1
 1147     5     1
 1149     3     1
 1152     1    -1
 1154     4     1
 1155     1    -1
 1157     1    -1
 1160     3     1
 1161     2     1
 1164     1    -1
 1165     6     1
 1168     5     1
 1169     2     1
 1172     1    -1
 1173     4     1
 1179     1     1
 1182     8     1
 1184     1    -1
 1185     1     1
 1188     7     1
 1190     3     1
 1191     6     1
 1193     1     1
 1196     1     1
 1198     5     1
 1199     1    -1
 1202     6     1
 1204     2     1
 1205     4     1
 1207     5     1
 1210     1     1
 1211     3     1
 1212     4     1
 1215     1     1
 1217     1     1
 1222     1     1
 1225     2     1
 1227     3     1
 1231     8     1
 1233     6     1
 1235     7     1
 1237     1     1
 1239     2     1
 1243     2     1
 1244     1     1
 1246     5     1
 1247     6     1
 1250     5     1
 1251     2     1
 1254     4     1
 1255     2     1
 1259     1     1
 1260     4     1
 1261     3     1
 1264     2     1
 1268     6     1
 1270     3     1
 1278     2     1
 1279     5     1
 1282     2     1
 1284     8     1
 1286     3     1
 1287     2     1
 1290     7     1
 1291     4     1
 1293     6     1
 1295     3     1
 1298     2     1
 1299     2     1
 1301     3     1
 1303     5     1
 1306     6     1
 1308     3     1
 1309     4     1
 1313     5     1
 1319     2     1
 1322     3     1
 1327     3     1
 1329     4     1
 1332     4     1
 1334     8     1
 1336     4     1
 1338     3     1
 1339     7     1
 1342     6     1
 1343     3     1
 1346     3     1
 1347     6     1
 1350     5     1
 1352     4     1
 1353     5     1
 1356     3     1
 1362     3     1
 1367     4     1
 1369     4     1
 1371     5     1
 1377     6     1
 1379     3     1
 1381     4     1
 1383     5     1
 1385     8     1
 1388     4     1
 1389     5     1
 1392     7     1
 1394     5     1
 1396     4     1
 1398     6     1
 1399     4     1
 1402     4     1
 1409     5     1
 1414     6     1
 1415     6     1
 1419     4     1
 1421     4     1
 1426     6     1
 1428     5     1
 1429     5     1
 1433     8     1
 1436     6     1
 1438     4     1
 1439     5     1
 1441     5     1
 1444     7     1
 1449     6     1
 1452     6     1
 1457     7     1
 1461     5     1
 1464     5     1
 1467     5     1
 1470     6     1
 1471     7     1
 1476     5     1
 1479     7     1
 1482     5     1
 1483     6     1
 1485     8     1
 1487     6     1
 1490     7     1
 1497     8     1
 1499     5     1
 1504     6     1
 1505     6     1
 1510     7     1
 1513     8     1
 1518     6     1
 1519     6     1
 1521     8     1
 1525     7     1
 1527     6     1
 1532     8     1
 1536     6     1
 1541     6     1
 1544     7     1
 1551     8     1
 1559     6     1
 1562     7     1
 1564     7     1
 1568     8     1
 1576     7     1
 1577     7     1
 1582     8     1
 1599     7     1
 1601     8     1
 1604     7     1
 1614     8     1
 1617     7     1
 1638     8     1
 1643     8     1
 1656     8     1
 1679     8     1

  286     8     1
  296     8     1
  301     8     1
  305     8     1
  318     8     1
  330     8     1
  335     8     1
  340     7     1
  342     7     1
  352     7     1
  355     8     1
  363     7     1
  370     8     1
  372     7     1
  383     7     1
  387     7     1
  391     6     1
  395     7     1
  402     8     1
  406     6     1
  407     6     1
  417     7     1
  424     6     1
  425     8     1
  430     6     1
  436     6     1
  440     7     1
  442     6     1
  447     6     1
  449     5     1
  460     8     1
  462     5     1
  468     6     1
  471     7     1
  473     5     1
  484     6     1
  486     6     1
  489     8     1
  493     5     1
  496     5     1
  501     5     1
  503     7     1
  510     5     1
  513     5     1
  517     4     1
  521     6     1
  526     8     1
  530     4     1
  532     7     1
  536     5     1
  540     6     1
  543     5     1
  552     6     1
  553     4     1
  556     4     1
  559     4     1
  563     5     1
  569     4     1
  572     8     1
  573     4     1
  575     7     1
  584     6     1
  587     3     1
  591     4     1
  593     5     1
  597     3     1
  602     6     1
  608     5     1
  610     4     1
  616     7     1
  620     6     1
  625     3     1
  627     4     1
  630     3     1
  634     3     1
  638     5     1
  643     3     1
  646     3     1
  652     4     1
  654     8     1
  657     6     1
  662     2     1
  666     6     1
  669     5     1
  674     5     1
  675     4     1
  679     3     1
  686     3     1
  687     2     1
  694     4     1
  695     2     1
  699     7     1
  703     3     1
  707     2     1
  714     2     1
  716     5     1
  722     4     1
  726     2     1
  728     6     1
  729     2     1
  733     5     1
  736     3     1
  740     4     1
  742     1     1
  745     8     1
  747     3     1
  749     6     1
  754     2     1
  758     4     1
  762     2     1
  766     1     1
  767     1     1
  772     3     1
  774     1     1
  777     1     1
  779     7     1
  785     2     1
  788     6     1
  791     5     1
  794     5     1
  795     4     1
  798     1     1
  799     3     1
  804     3     1
  805     1     1
  809     2     1
  814     2     1
  815     1    -1
  818     1     1
  820     8     1
  824     6     1
  826     4     1
  829     1    -1
  834     1     1
  836     1    -1
  838     6     1
  840     5     1
  843     2     1
  845     4     1
  847     1    -1
  850     3     1
  851     1    -1
  856     1     1
  857     2     1
  861     7     1
  864     1    -1
  867     5     1
  870     1     1
  874     3     1
  875     1    -1
  877     1    -1
  879     2    -1
  882     1     1
  885     6     1
  888     5     1
  889     2    -1
  890     8     1
  895     6     1
  898     4     1
  899     2    -1
  901     1    -1
  904     3     1
  908     4     1
  909     2     1
  912     2    -1
  913     2     1
  918     1     1
  920     2    -1
  921     2    -1
  924     1    -1
  925     1    -1
  930     7     1
  933     5     1
  938     6     1
  940     3     1
  941     2    -1
  944     5     1
  946     2    -1
  948     3    -1
  949     4     1
  952     3     1
  954     1     1
  955     3    -1
  957     2     1
  959     8     1
  961     6     1
  966     3    -1
  968     1     1
  969     2    -1
  971     4     1
  975     3    -1
  978     1    -1
  980     2     1
  982     3    -1
  983     2    -1
  985     6     1
  988     3    -1
  989     5     1
  992     1    -1
  993     4     1
  998     7     1
  999     3     1
 1002     5     1
 1006     3    -1
 1007     2     1
 1009     4    -1
 1012     3     1
 1014     2    -1
 1015     1     1
 1017     4    -1
 1019     1     1
 1021     1    -1
 1024     3    -1
 1025     8     1
 1028     6     1
 1031     1    -1
 1033     4    -1
 1036     2    -1
 1038     6     1
 1039     4     1
 1042     5     1
 1043     4     1
 1045     3     1
 1047     2     1
 1050     3    -1
 1051     2    -1
 1054     2     1
 1056     3    -1
 1057     1     1
 1059     1     1
 1062     4    -1
 1066     7     1
 1068     5     1
 1069     1    -1
 1072     3    -1
 1074     1    -1
 1076     3     1
 1077     4    -1
 1080     2    -1
 1082     7     1
 1084     6     1
 1086     2     1
 1087     5     1
 1090     4     1
 1092     3    -1
 1094     2    -1
 1096     3    -1
 1097     3     1
 1100     8     1
 1102     1     1
 1104     6     1
 1105     4     1
 1107     2     1
 1110     3    -1
 1112     3     1
 1114     1     1
 1115     2    -1
 1118     1    -1
 1120     3    -1
 1122     2     1
 1124     1    -1
 1125     8     1
 1128     7     1
 1130     7     1
 1132     5     1
 1134     2    -1
 1135     6     1
 1138     2    -1
 1140     3    -1
 1142     1     1
 1144     5     1
 1145     4     1
 1147     4     1
 1149     3     1
 1152     3    -1
 1154     3     1
 1155     1    -1
 1157     2    -1
 1160     2     1
 1161     2     1
 1164     2    -1
 1165     6     1
 1168     5     1
 1169     1     1
 1172     1    -1
 1173     4     1
 1178     8     1
 1179     1     1
 1182     7     1
 1184     2    -1
 1185     1    -1
 1188     6     1
 1190     3     1
 1191     5     1
 1193     2    -1
 1196     1    -1
 1198     4     1
 1199     2    -1
 1202     6     1
 1204     2     1
 1205     3     1
 1207     5     1
 1210     2    -1
 1211     2     1
 1212     4     1
 1215     1    -1
 1217     1     1
 1222     1    -1
 1225     1     1
 1227     3     1
 1230     8     1
 1231     7     1
 1233     6     1
 1235     6     1
 1237     1     1
 1239     1    -1
 1243     2     1
 1244     1    -1
 1246     5     1
 1247     5     1
 1250     4     1
 1251     1    -1
 1254     4     1
 1255     1     1
 1259     1    -1
 1260     3     1
 1261     3     1
 1264     1    -1
 1268     6     1
 1270     2     1
 1276     8     1
 1278     1     1
 1279     5     1
 1282     2     1
 1284     7     1
 1286     1     1
 1287     1     1
 1290     6     1
 1291     4     1
 1293     5     1
 1295     1     1
 1298     2     1
 1299     1     1
 1301     3     1
 1303     4     1
 1306     6     1
 1308     1     1
 1309     3     1
 1313     5     1
 1319     1     1
 1322     2     1
 1325     8     1
 1327     1     1
 1329     2     1
 1332     4     1
 1334     7     1
 1336     2     1
 1338     2     1
 1339     6     1
 1342     6     1
 1343     3     1
 1346     2     1
 1347     5     1
 1350     5     1
 1352     2     1
 1353     4     1
 1356     3     1
 1362     2     1
 1367     4     1
 1369     2     1
 1371     3     1
 1375     8     1
 1377     6     1
 1379     2     1
 1381     3     1
 1383     3     1
 1385     7     1
 1388     2     1
 1389     5     1
 1392     6     1
 1394     3     1
 1396     3     1
 1398     5     1
 1399     3     1
 1402     4     1
 1409     3     1
 1414     4     1
 1415     6     1
 1419     3     1
 1421     4     1
 1426     4     1
 1428     3     1
 1429     5     1
 1432     8     1
 1433     7     1
 1436     4     1
 1438     3     1
 1439     3     1
 1441     4     1
 1444     6     1
 1449     4     1
 1452     6     1
 1457     5     1
 1461     4     1
 1464     4     1
 1467     5     1
 1470     4     1
 1471     5     1
 1476     4     1
 1477     8     1
 1479     5     1
 1482     5     1
 1483     4     1
 1485     7     1
 1487     6     1
 1490     5     1
 1497     6     1
 1499     4     1
 1504     4     1
 1505     5     1
 1510     5     1
 1513     6     1
 1518     5     1
 1519     5     1
 1521     6     1
 1525     5     1
 1527     6     1
 1530     8     1
 1532     6     1
 1536     5     1
 1541     6     1
 1544     5     1
 1545     7     1
 1551     6     1
 1555     7     1
 1559     5     1
 1562     5     1
 1564     6     1
 1565     7     1
 1568     6     1
 1574     7     1
 1576     6     1
 1577     6     1
 1582     6     1
 1586     8     1
 1594     7     1
 1596     8     1
 1599     6     1
 1601     6     1
 1604     7     1
 1608     8     1
 1609     7     1
 1614     6     1
 1617     6     1
 1619     8     1
 1622     7     1
 1633     8     1
 1638     7     1
 1643     7     1
 1646     7     1
 1650     8     1
 1656     7     1
 1657     7     1
 1664     8     1
 1678     7     1
 1679     7     1
 1683     8     1
 1697     8     1
 1699     8     1
 1713     8     1
 1720     8     1
 1738     8     1

  335     8     1
  340     8     1
  342     8     1
  352     8     1
  363     8     1
  372     8     1
  383     8     1
  387     7     1
  391     7     1
  395     8     1
  406     7     1
  407     7     1
  417     8     1
  424     7     1
  430     7     1
  436     7     1
  440     8     1
  442     6     1
  447     7     1
  449     6     1
  462     6     1
  468     7     1
  471     8     1
  473     6     1
  484     7     1
  486     7     1
  493     6     1
  496     6     1
  501     6     1
  503     8     1
  510     5     1
  513     6     1
  517     5     1
  521     7     1
  530     5     1
  532     8     1
  536     6     1
  540     6     1
  543     6     1
  552     7     1
  553     5     1
  556     5     1
  559     5     1
  563     6     1
  569     5     1
  573     4     1
  575     8     1
  584     7     1
  587     4     1
  591     5     1
  593     6     1
  597     4     1
  602     6     1
  608     5     1
  610     5     1
  620     7     1
  625     4     1
  627     5     1
  630     4     1
  634     4     1
  638     6     1
  643     3     1
  646     4     1
  652     5     1
  657     8     1
  662     3     1
  666     6     1
  669     6     1
  674     5     1
  675     4     1
  679     4     1
  686     4     1
  687     3     1
  694     5     1
  695     3     1
  699     8     1
  703     4     1
  707     3     1
  714     3     1
  716     7     1
  722     5     1
  726     2     1
  728     6     1
  729     3     1
  733     5     1
  736     4     1
  740     4     1
  742     2     1
  747     3     1
  749     7     1
  754     3     1
  758     6     1
  762     3     1
  766     2     1
  767     2     1
  772     4     1
  774     2     1
  777     2     1
  779     8     1
  785     3     1
  788     6     1
  791     6     1
  794     5     1
  795     4     1
  798     1     1
  799     5     1
  804     3     1
  805     2     1
  809     2     1
  814     3     1
  815     1     1
  818     2     1
  824     7     1
  826     5     1
  829     1     1
  834     2     1
  836     1     1
  838     6     1
  840     5     1
  843     4     1
  845     4     1
  847     1     1
  850     3     1
  851     1     1
  856     2     1
  857     2     1
  861     8     1
  864     1    -1
  867     6     1
  870     1     1
  874     4     1
  875     1     1
  877     1     1
  879     1    -1
  882     3     1
  885     6     1
  888     5     1
  889     1    -1
  895     7     1
  898     4     1
  899     1    -1
  901     1     1
  904     3     1
  908     5     1
  909     2     1
  912     1    -1
  913     3     1
  918     1     1
  920     1    -1
  921     2    -1
  924     2     1
  925     1    -1
  930     8     1
  933     6     1
  938     6     1
  940     4     1
  941     1    -1
  944     5     1
  946     1    -1
  948     2    -1
  949     4     1
  952     3     1
  954     2     1
  955     2    -1
  957     2     1
  961     7     1
  966     2    -1
  968     1     1
  969     1     1
  971     5     1
  975     2    -1
  978     1    -1
  980     3     1
  982     2    -1
  983     2    -1
  985     6     1
  988     3    -1
  989     5     1
  992     1     1
  993     4     1
  998     8     1
  999     3     1
 1002     6     1
 1006     2    -1
 1007     2     1
 1009     3    -1
 1012     4     1
 1014     1    -1
 1015     1     1
 1017     3    -1
 1019     2     1
 1021     1    -1
 1024     3    -1
 1028     7     1
 1031     1    -1
 1033     3    -1
 1036     2    -1
 1038     6     1
 1039     5     1
 1042     5     1
 1043     4     1
 1045     3     1
 1047     3     1
 1050     3    -1
 1051     2    -1
 1054     2     1
 1056     4    -1
 1057     1     1
 1059     1     1
 1062     3    -1
 1066     8     1
 1068     6     1
 1069     1    -1
 1072     3    -1
 1074     1    -1
 1076     4     1
 1077     4    -1
 1080     2    -1
 1082     6     1
 1084     5     1
 1086     2     1
 1087     4     1
 1090     3     1
 1092     3    -1
 1094     2    -1
 1096     4    -1
 1097     2     1
 1102     1     1
 1104     7     1
 1105     5     1
 1107     1     1
 1110     4    -1
 1112     3     1
 1114     1    -1
 1115     3    -1
 1118     1    -1
 1120     4    -1
 1122     2     1
 1124     2    -1
 1125     7     1
 1128     8     1
 1130     6     1
 1132     6     1
 1134     2    -1
 1135     5     1
 1138     3    -1
 1140     3    -1
 1142     1     1
 1144     4     1
 1145     4     1
 1147     3     1
 1149     3     1
 1152     4    -1
 1154     2     1
 1155     1    -1
 1157     3    -1
 1160     1     1
 1161     2     1
 1164     3    -1
 1165     7     1
 1168     5     1
 1169     1    -1
 1172     2    -1
 1173     4     1
 1176     7     1
 1178     6     1
 1179     1     1
 1182     5     1
 1184     3    -1
 1185     2    -1
 1188     4     1
 1190     3     1
 1191     3     1
 1193     3    -1
 1196     1    -1
 1198     2     1
 1199     2    -1
 1202     6     1
 1204     2     1
 1205     1     1
 1207     5     1
 1210     3    -1
 1211     1    -1
 1212     4     1
 1215     2    -1
 1217     1     1
 1219     8     1
 1222     2    -1
 1223     7     1
 1225     1    -1
 1227     3     1
 1230     6     1
 1231     5     1
 1233     6     1
 1235     4     1
 1237     1    -1
 1239     2    -1
 1243     2     1
 1244     2    -1
 1246     5     1
 1247     3     1
 1250     2     1
 1251     2    -1
 1254     4     1
 1255     1     1
 1259     1    -1
 1260     1     1
 1261     3     1
 1264     2    -1
 1268     6     1
 1270     1     1
 1272     8     1
 1273     7     1
 1276     6     1
 1278     1    -1
 1279     5     1
 1282     2     1
 1284     5     1
 1286     1    -1
 1287     1    -1
 1290     4     1
 1291     4     1
 1293     3     1
 1295     1    -1
 1298     1     1
 1299     1    -1
 1301     3     1
 1303     2     1
 1306     6     1
 1308     1    -1
 1309     2     1
 1313     5     1
 1318     8     1
 1319     1     1
 1322     2     1
 1324     7     1
 1325     6     1
 1327     1    -1
 1329     1     1
 1332     4     1
 1334     5     1
 1336     1     1
 1338     1     1
 1339     4     1
 1342     6     1
 1343     3     1
 1346     1     1
 1347     3     1
 1350     5     1
 1352     1     1
 1353     3     1
 1356     2     1
 1362     1     1
 1366     8     1
 1367     4     1
 1369     1     1
 1371     2     1
 1374     7     1
 1375     6     1
 1377     6     1
 1379     2     1
 1381     3     1
 1383     2     1
 1385     5     1
 1388     1     1
 1389     5     1
 1392     4     1
 1394     2     1
 1396     2     1
 1398     4     1
 1399     2     1
 1402     4     1
 1409     2     1
 1414     3     1
 1415     6     1
 1417     8     1
 1419     2     1
 1421     3     1
 1423     7     1
 1426     3     1
 1428     2     1
 1429     5     1
 1432     6     1
 1433     5     1
 1436     3     1
 1438     3     1
 1439     2     1
 1441     4     1
 1444     5     1
 1449     3     1
 1452     6     1
 1457     4     1
 1461     3     1
 1464     3     1
 1466     8     1
 1467     5     1
 1470     3     1
 1471     4     1
 1474     7     1
 1476     3     1
 1477     6     1
 1479     4     1
 1482     4     1
 1483     3     1
 1485     6     1
 1487     6     1
 1490     4     1
 1497     5     1
 1499     4     1
 1504     3     1
 1505     5     1
 1510     4     1
 1513     5     1
 1516     8     1
 1518     4     1
 1519     4     1
 1521     5     1
 1523     7     1
 1525     4     1
 1527     6     1
 1530     7     1
 1532     5     1
 1536     4     1
 1541     5     1
 1544     4     1
 1545     6     1
 1551     5     1
 1555     6     1
 1559     5     1
 1562     4     1
 1564     6     1
 1565     6     1
 1568     5     1
 1570     8     1
 1572     8     1
 1574     6     1
 1576     5     1
 1577     5     1
 1582     5     1
 1586     7     1
 1594     6     1
 1596     7     1
 1599     5     1
 1601     5     1
 1604     6     1
 1608     7     1
 1609     6     1
 1614     5     1
 1617     6     1
 1619     7     1
 1622     6     1
 1627     8     1
 1633     7     1
 1638     6     1
 1639     8     1
 1643     6     1
 1646     6     1
 1650     7     1
 1652     8     1
 1656     6     1
 1657     6     1
 1662     8     1
 1664     7     1
 1676     8     1
 1678     6     1
 1679     7     1
 1683     7     1
 1692     8     1
 1697     7     1
 1699     7     1
 1705     8     1
 1713     7     1
 1720     7     1
 1724     8     1
 1738     7     1
 1740     8     1
 1750     8     1
 1753     8     1
 1775     8     1
 1791     8     1

  387     8     1
  391     8     1
  406     8     1
  407     8     1
  424     8     1
  430     8     1
  436     8     1
  442     7     1
  447     8     1
  449     7     1
  462     7     1
  468     8     1
  473     7     1
  484     7     1
  486     8     1
  493     7     1
  496     7     1
  501     7     1
  510     6     1
  513     7     1
  517     6     1
  521     8     1
  530     6     1
  536     7     1
  540     7     1
  543     6     1
  552     8     1
  553     6     1
  556     6     1
  559     6     1
  563     7     1
  569     6     1
  573     5     1
  584     8     1
  587     5     1
  591     6     1
  593     7     1
  597     5     1
  602     6     1
  608     6     1
  610     5     1
  625     5     1
  627     6     1
  630     5     1
  634     5     1
  638     7     1
  643     4     1
  646     5     1
  652     6     1
  662     4     1
  666     6     1
  669     8     1
  674     5     1
  675     5     1
  679     5     1
  686     4     1
  687     4     1
  694     6     1
  695     4     1
  703     5     1
  707     4     1
  714     4     1
  716     8     1
  722     7     1
  726     3     1
  728     6     1
  729     4     1
  733     5     1
  736     5     1
  740     4     1
  742     3     1
  747     4     1
  754     3     1
  758     7     1
  762     4     1
  766     3     1
  767     3     1
  772     6     1
  774     3     1
  777     3     1
  785     4     1
  788     6     1
  791     8     1
  794     5     1
  795     4     1
  798     2     1
  799     6     1
  804     3     1
  805     3     1
  809     3     1
  814     5     1
  815     2     1
  818     2     1
  826     7     1
  829     2     1
  834     3     1
  836     2     1
  838     6     1
  840     5     1
  843     5     1
  845     4     1
  847     2     1
  850     3     1
  851     2     1
  856     4     1
  857     2     1
  864     1     1
  867     8     1
  870     2     1
  874     6     1
  875     2     1
  877     1     1
  879     1     1
  882     4     1
  885     6     1
  888     5     1
  889     1     1
  898     4     1
  899     1     1
  901     3     1
  904     3     1
  908     7     1
  909     2     1
  912     1     1
  913     5     1
  918     1     1
  920     1     1
  921     1    -1
  924     3     1
  925     1     1
  933     8     1
  938     6     1
  940     6     1
  941     1    -1
  944     5     1
  946     2     1
  948     1    -1
  949     4     1
  952     3     1
  954     4     1
  955     1    -1
  957     2     1
  966     1    -1
  968     1     1
  969     2     1
  971     7     1
  975     1    -1
  978     1    -1
  980     5     1
  982     1     1
  983     1    -1
  985     6     1
  988     2    -1
  989     5     1
  992     3     1
  993     4     1
  999     3     1
 1002     8     1
 1006     2    -1
 1007     2     1
 1009     2    -1
 1012     6     1
 1014     1     1
 1015     1     1
 1017     2    -1
 1019     4     1
 1021     1    -1
 1024     1    -1
 1031     2     1
 1033     2    -1
 1036     2    -1
 1038     6     1
 1039     7     1
 1042     5     1
 1043     4     1
 1045     3     1
 1047     5     1
 1050     2    -1
 1051     1    -1
 1054     2     1
 1056     3    -1
 1057     3     1
 1059     1     1
 1062     3    -1
 1068     8     1
 1069     1    -1
 1072     2    -1
 1074     1     1
 1076     6     1
 1077     3    -1
 1080     2    -1
 1082     6     1
 1084     5     1
 1086     4     1
 1087     4     1
 1090     3     1
 1092     3    -1
 1094     2    -1
 1096     3    -1
 1097     2     1
 1102     2     1
 1105     7     1
 1107     1     1
 1110     3    -1
 1112     5     1
 1114     1    -1
 1115     3    -1
 1118     1    -1
 1120     4    -1
 1122     3     1
 1124     2    -1
 1125     6     1
 1130     5     1
 1132     8     1
 1134     2    -1
 1135     4     1
 1138     3    -1
 1140     4    -1
 1142     1     1
 1144     3     1
 1145     6     1
 1147     2     1
 1149     4     1
 1152     4    -1
 1154     1     1
 1155     1    -1
 1157     3    -1
 1160     1    -1
 1161     2     1
 1164     4    -1
 1168     7     1
 1169     2    -1
 1172     2    -1
 1173     5     1
 1176     7     1
 1178     6     1
 1179     1     1
 1182     5     1
 1184     3    -1
 1185     3    -1
 1188     4     1
 1190     3     1
 1191     3     1
 1193     4    -1
 1196     1    -1
 1198     2     1
 1199     3    -1
 1202     8     1
 1204     2     1
 1205     1     1
 1207     6     1
 1210     3    -1
 1211     1    -1
 1212     4     1
 1215     2    -1
 1217     1     1
 1219     7     1
 1222     3    -1
 1223     6     1
 1225     2    -1
 1227     3     1
 1230     5     1
 1231     4     1
 1233     7     1
 1235     3     1
 1237     1    -1
 1239     3    -1
 1243     2     1
 1244     2    -1
 1246     5     1
 1247     2     1
 1250     1     1
 1251     3    -1
 1254     4     1
 1255     1     1
 1259     2    -1
 1260     1    -1
 1261     3     1
 1264     2    -1
 1265     8     1
 1268     6     1
 1270     2    -1
 1272     7     1
 1273     6     1
 1276     5     1
 1278     1    -1
 1279     5     1
 1282     2     1
 1284     4     1
 1286     2    -1
 1287     2    -1
 1290     3     1
 1291     4     1
 1293     2     1
 1295     2    -1
 1298     1     1
 1299     1    -1
 1301     3     1
 1303     1     1
 1306     6     1
 1308     2    -1
 1309     1    -1
 1313     5     1
 1316     8     1
 1318     7     1
 1319     1    -1
 1322     2     1
 1324     6     1
 1325     5     1
 1327     1    -1
 1329     1    -1
 1332     4     1
 1334     4     1
 1336     1    -1
 1338     1     1
 1339     3     1
 1342     6     1
 1343     3     1
 1346     1    -1
 1347     2     1
 1350     5     1
 1352     1    -1
 1353     1     1
 1356     2     1
 1362     1     1
 1363     8     1
 1366     7     1
 1367     4     1
 1369     1    -1
 1371     1     1
 1374     6     1
 1375     5     1
 1377     6     1
 1379     1     1
 1381     3     1
 1383     1     1
 1385     4     1
 1388     1     1
 1389     5     1
 1392     3     1
 1394     1     1
 1396     2     1
 1398     2     1
 1399     1     1
 1402     4     1
 1409     1     1
 1411     8     1
 1414     2     1
 1415     6     1
 1417     7     1
 1419     2     1
 1421     3     1
 1423     6     1
 1426     2     1
 1428     1     1
 1429     5     1
 1432     5     1
 1433     4     1
 1436     2     1
 1438     2     1
 1439     2     1
 1441     4     1
 1444     3     1
 1449     2     1
 1452     6     1
 1457     3     1
 1459     8     1
 1461     3     1
 1464     2     1
 1466     7     1
 1467     5     1
 1470     2     1
 1471     3     1
 1474     6     1
 1476     3     1
 1477     5     1
 1479     3     1
 1482     4     1
 1483     2     1
 1485     4     1
 1487     6     1
 1490     3     1
 1497     4     1
 1499     3     1
 1504     3     1
 1505     5     1
 1510     3     1
 1511     8     1
 1513     4     1
 1516     7     1
 1518     3     1
 1519     4     1
 1521     4     1
 1523     6     1
 1525     3     1
 1527     6     1
 1530     5     1
 1532     4     1
 1536     4     1
 1541     5     1
 1544     3     1
 1545     5     1
 1551     4     1
 1555     5     1
 1559     4     1
 1560     8     1
 1562     4     1
 1564     6     1
 1565     5     1
 1568     4     1
 1570     7     1
 1572     6     1
 1574     5     1
 1576     4     1
 1577     5     1
 1582     4     1
 1586     6     1
 1594     5     1
 1596     6     1
 1599     5     1
 1601     4     1
 1604     6     1
 1608     6     1
 1609     5     1
 1611     8     1
 1614     5     1
 1615     7     1
 1617     5     1
 1619     6     1
 1622     5     1
 1627     7     1
 1633     6     1
 1638     5     1
 1639     7     1
 1643     6     1
 1646     5     1
 1650     6     1
 1652     7     1
 1656     6     1
 1657     5     1
 1659     8     1
 1662     7     1
 1664     6     1
 1668     8     1
 1676     7     1
 1678     6     1
 1679     6     1
 1683     6     1
 1686     8     1
 1692     7     1
 1693     8     1
 1697     6     1
 1699     6     1
 1701     8     1
 1705     7     1
 1713     6     1
 1717     8     1
 1720     7     1
 1724     7     1
 1731     8     1
 1738     7     1
 1740     7     1
 1746     8     1
 1750     7     1
 1753     7     1
 1764     8     1
 1775     7     1
 1781     8     1
 1791     8     1
 1794     8     1
 1816     8     1
 1832     8     1

  484     8     1
  493     8     1
  501     8     1
  510     8     1
  517     8     1
  530     8     1
  540     7     1
  543     7     1
  553     8     1
  556     7     1
  559     7     1
  569     8     1
  573     7     1
  587     7     1
  591     8     1
  597     7     1
  602     7     1
  608     6     1
  610     6     1
  625     6     1
  627     8     1
  630     7     1
  634     6     1
  643     6     1
  646     7     1
  652     8     1
  662     6     1
  666     6     1
  674     6     1
  675     5     1
  679     7     1
  686     5     1
  687     6     1
  694     8     1
  695     5     1
  703     7     1
  707     6     1
  714     5     1
  722     8     1
  726     5     1
  728     6     1
  729     6     1
  733     5     1
  736     7     1
  740     5     1
  742     5     1
  747     4     1
  754     4     1
  758     8     1
  762     6     1
  766     5     1
  767     4     1
  772     7     1
  774     4     1
  777     5     1
  785     6     1
  788     6     1
  794     5     1
  795     4     1
  798     4     1
  799     7     1
  804     4     1
  805     5     1
  809     3     1
  814     6     1
  815     4     1
  818     3     1
  826     8     1
  829     3     1
  834     5     1
  836     4     1
  838     6     1
  840     5     1
  843     6     1
  845     4     1
  847     3     1
  850     3     1
  851     4     1
  856     5     1
  857     3     1
  864     3     1
  870     2     1
  874     7     1
  875     4     1
  877     2     1
  879     3     1
  882     5     1
  885     6     1
  888     5     1
  889     2     1
  898     4     1
  899     3     1
  901     4     1
  904     3     1
  908     8     1
  909     2     1
  912     2     1
  913     6     1
  918     2     1
  920     3     1
  921     2     1
  924     4     1
  925     1     1
  938     6     1
  940     7     1
  941     1     1
  944     5     1
  946     3     1
  948     2     1
  949     4     1
  952     3     1
  954     5     1
  955     1     1
  957     2     1
  966     2     1
  968     1     1
  969     3     1
  971     8     1
  975     1     1
  978     1     1
  980     6     1
  982     2     1
  983     1    -1
  985     6     1
  988     1     1
  989     5     1
  992     4     1
  993     4     1
  999     3     1
 1006     1    -1
 1007     2     1
 1009     1     1
 1012     7     1
 1014     2     1
 1015     1     1
 1017     1    -1
 1019     5     1
 1021     1    -1
 1024     1     1
 1031     3     1
 1033     1    -1
 1036     1    -1
 1038     6     1
 1039     8     1
 1042     5     1
 1043     4     1
 1045     3     1
 1047     6     1
 1050     2    -1
 1051     1     1
 1054     2     1
 1056     1    -1
 1057     4     1
 1059     1     1
 1062     2    -1
 1069     1    -1
 1072     1    -1
 1074     2     1
 1076     7     1
 1077     2    -1
 1080     2    -1
 1082     6     1
 1084     5     1
 1086     5     1
 1087     4     1
 1090     3     1
 1092     2    -1
 1094     1    -1
 1096     2    -1
 1097     2     1
 1102     3     1
 1105     8     1
 1107     1     1
 1110     3    -1
 1112     6     1
 1114     1    -1
 1115     2    -1
 1118     1     1
 1120     3    -1
 1122     4     1
 1124     2    -1
 1125     6     1
 1130     5     1
 1134     2    -1
 1135     4     1
 1138     3    -1
 1140     3    -1
 1142     2     1
 1144     3     1
 1145     7     1
 1147     2     1
 1149     5     1
 1152     3    -1
 1154     1     1
 1155     1    -1
 1157     3    -1
 1160     1    -1
 1161     3     1
 1164     4    -1
 1168     8     1
 1169     2    -1
 1172     2    -1
 1173     6     1
 1176     6     1
 1178     5     1
 1179     1     1
 1182     4     1
 1184     4    -1
 1185     3    -1
 1188     3     1
 1190     4     1
 1191     2     1
 1193     4    -1
 1196     1    -1
 1198     1     1
 1199     3    -1
 1204     2     1
 1205     1    -1
 1207     7     1
 1210     4    -1
 1211     2    -1
 1212     5     1
 1215     2    -1
 1217     1     1
 1219     6     1
 1222     3    -1
 1223     5     1
 1225     3    -1
 1227     3     1
 1230     4     1
 1231     3     1
 1233     8     1
 1235     2     1
 1237     1    -1
 1239     4    -1
 1243     2     1
 1244     3    -1
 1246     6     1
 1247     1     1
 1250     1    -1
 1251     3    -1
 1254     4     1
 1255     1     1
 1259     2    -1
 1260     2    -1
 1261     3     1
 1264     3    -1
 1265     7     1
 1268     7     1
 1270     3    -1
 1272     6     1
 1273     5     1
 1276     4     1
 1278     1    -1
 1279     5     1
 1282     2     1
 1284     3     1
 1286     3    -1
 1287     2    -1
 1290     2     1
 1291     4     1
 1293     1     1
 1295     3    -1
 1298     1     1
 1299     2    -1
 1301     3     1
 1303     1    -1
 1306     6     1
 1308     2    -1
 1309     2    -1
 1312     8     1
 1313     5     1
 1316     7     1
 1318     6     1
 1319     1    -1
 1322     2     1
 1324     5     1
 1325     4     1
 1327     2    -1
 1329     2    -1
 1332     4     1
 1334     3     1
 1336     2    -1
 1338     1     1
 1339     2     1
 1342     6     1
 1343     3     1
 1346     1    -1
 1347     1     1
 1350     5     1
 1352     2    -1
 1353     1    -1
 1356     2     1
 1360     8     1
 1362     1    -1
 1363     7     1
 1366     6     1
 1367     4     1
 1369     1    -1
 1371     1    -1
 1374     5     1
 1375     4     1
 1377     6     1
 1379     1     1
 1381     3     1
 1383     2    -1
 1385     3     1
 1388     1    -1
 1389     5     1
 1392     2     1
 1394     1    -1
 1396     2     1
 1398     1     1
 1399     1     1
 1402     4     1
 1408     8     1
 1409     1    -1
 1411     7     1
 1414     1     1
 1415     6     1
 1417     6     1
 1419     1     1
 1421     3     1
 1423     5     1
 1426     1    -1
 1428     1     1
 1429     5     1
 1432     4     1
 1433     3     1
 1436     1    -1
 1438     2     1
 1439     1     1
 1441     4     1
 1444     2     1
 1449     1     1
 1452     6     1
 1455     8     1
 1457     2     1
 1459     7     1
 1461     3     1
 1464     2     1
 1466     6     1
 1467     5     1
 1470     1     1
 1471     1     1
 1474     5     1
 1476     2     1
 1477     4     1
 1479     1     1
 1482     4     1
 1483     2     1
 1485     3     1
 1487     6     1
 1490     1     1
 1497     3     1
 1499     3     1
 1504     2     1
 1505     5     1
 1507     8     1
 1510     2     1
 1511     7     1
 1513     2     1
 1516     6     1
 1518     3     1
 1519     4     1
 1521     2     1
 1523     5     1
 1525     2     1
 1527     6     1
 1530     4     1
 1532     2     1
 1536     3     1
 1541     5     1
 1544     3     1
 1545     4     1
 1551     2     1
 1553     8     1
 1555     3     1
 1559     4     1
 1560     7     1
 1562     3     1
 1564     6     1
 1565     3     1
 1568     3     1
 1570     6     1
 1572     5     1
 1574     3     1
 1576     4     1
 1577     5     1
 1582     3     1
 1586     5     1
 1594     3     1
 1596     4     1
 1599     4     1
 1601     4     1
 1604     6     1
 1605     8     1
 1608     4     1
 1609     3     1
 1611     7     1
 1614     4     1
 1615     6     1
 1617     5     1
 1619     4     1
 1622     4     1
 1627     6     1
 1633     4     1
 1638     5     1
 1639     5     1
 1643     6     1
 1646     4     1
 1650     4     1
 1652     5     1
 1654     8     1
 1656     5     1
 1657     5     1
 1659     7     1
 1662     5     1
 1664     4     1
 1668     7     1
 1676     5     1
 1678     5     1
 1679     6     1
 1683     5     1
 1686     6     1
 1692     5     1
 1693     6     1
 1697     6     1
 1699     5     1
 1701     6     1
 1704     8     1
 1705     5     1
 1707     8     1
 1713     6     1
 1717     6     1
 1720     6     1
 1724     5     1
 1727     7     1
 1731     6     1
 1736     7     1
 1738     6     1
 1740     6     1
 1744     7     1
 1746     6     1
 1750     7     1
 1753     6     1
 1758     7     1
 1764     6     1
 1768     8     1
 1773     7     1
 1775     7     1
 1780     8     1
 1781     6     1
 1785     7     1
 1787     8     1
 1791     7     1
 1794     7     1
 1797     8     1
 1801     7     1
 1813     8     1
 1816     7     1
 1820     7     1
 1828     8     1
 1832     8     1
 1835     7     1
 1841     8     1
 1858     8     1
 1863     8     1
 1875     8     1
 1879     8     1
 1901     8     1

  540     8     1
  543     8     1
  556     8     1
  559     8     1
  573     8     1
  587     8     1
  597     8     1
  602     7     1
  608     7     1
  610     7     1
  625     7     1
  630     8     1
  634     7     1
  643     7     1
  646     8     1
  662     7     1
  666     7     1
  674     6     1
  675     6     1
  679     8     1
  686     6     1
  687     7     1
  695     6     1
  703     8     1
  707     7     1
  714     6     1
  726     6     1
  728     6     1
  729     7     1
  733     6     1
  736     8     1
  740     5     1
  742     6     1
  747     5     1
  754     5     1
  762     7     1
  766     6     1
  767     5     1
  772     8     1
  774     5     1
  777     6     1
  785     7     1
  788     6     1
  794     5     1
  795     5     1
  798     5     1
  799     8     1
  804     4     1
  805     6     1
  809     4     1
  814     7     1
  815     5     1
  818     4     1
  829     4     1
  834     6     1
  836     5     1
  838     6     1
  840     5     1
  843     7     1
  845     4     1
  847     4     1
  850     4     1
  851     5     1
  856     6     1
  857     3     1
  864     4     1
  870     3     1
  874     8     1
  875     5     1
  877     3     1
  879     4     1
  882     6     1
  885     6     1
  888     5     1
  889     3     1
  898     4     1
  899     4     1
  901     5     1
  904     3     1
  909     3     1
  912     3     1
  913     7     1
  918     2     1
  920     4     1
  921     3     1
  924     5     1
  925     2     1
  938     6     1
  940     8     1
  941     2     1
  944     5     1
  946     4     1
  948     3     1
  949     4     1
  952     3     1
  954     6     1
  955     2     1
  957     2     1
  966     3     1
  968     2     1
  969     4     1
  975     2     1
  978     1     1
  980     7     1
  982     3     1
  983     1     1
  985     6     1
  988     2     1
  989     5     1
  992     5     1
  993     4     1
  999     3     1
 1006     1     1
 1007     2     1
 1009     2     1
 1012     8     1
 1014     3     1
 1015     1     1
 1017     1     1
 1019     6     1
 1021     1     1
 1024     2     1
 1031     4     1
 1033     1     1
 1036     1    -1
 1038     6     1
 1042     5     1
 1043     4     1
 1045     3     1
 1047     7     1
 1050     1    -1
 1051     2     1
 1054     2     1
 1056     1     1
 1057     5     1
 1059     1     1
 1062     1    -1
 1069     1    -1
 1072     1     1
 1074     3     1
 1076     8     1
 1077     1    -1
 1080     1    -1
 1082     6     1
 1084     5     1
 1086     6     1
 1087     4     1
 1090     3     1
 1092     2    -1
 1094     1     1
 1096     1    -1
 1097     2     1
 1102     4     1
 1107     1     1
 1110     2    -1
 1112     7     1
 1114     1    -1
 1115     1    -1
 1118     2     1
 1120     2    -1
 1122     5     1
 1124     2    -1
 1125     6     1
 1130     5     1
 1134     1    -1
 1135     4     1
 1138     2    -1
 1140     2    -1
 1142     3     1
 1144     3     1
 1145     8     1
 1147     2     1
 1149     6     1
 1152     3    -1
 1154     1     1
 1155     1     1
 1157     2    -1
 1160     1    -1
 1161     4     1
 1164     3    -1
 1169     2    -1
 1172     2    -1
 1173     7     1
 1176     6     1
 1178     5     1
 1179     2     1
 1182     4     1
 1184     3    -1
 1185     3    -1
 1188     3     1
 1190     5     1
 1191     2     1
 1193     3    -1
 1196     1    -1
 1198     1     1
 1199     3    -1
 1204     3     1
 1205     1    -1
 1207     8     1
 1210     4    -1
 1211     2    -1
 1212     6     1
 1215     2    -1
 1217     1     1
 1219     6     1
 1222     4    -1
 1223     5     1
 1225     3    -1
 1227     4     1
 1230     4     1
 1231     3     1
 1235     2     1
 1237     1    -1
 1239     4    -1
 1243     2     1
 1244     3    -1
 1246     7     1
 1247     1     1
 1250     1    -1
 1251     4    -1
 1254     5     1
 1255     1     1
 1259     2    -1
 1260     2    -1
 1261     3     1
 1264     3    -1
 1265     6     1
 1268     8     1
 1270     3    -1
 1272     5     1
 1273     4     1
 1276     3     1
 1278     1    -1
 1279     6     1
 1282     2     1
 1284     2     1
 1286     4    -1
 1287     3    -1
 1290     1     1
 1291     4     1
 1293     1    -1
 1295     4    -1
 1298     1     1
 1299     2    -1
 1301     3     1
 1303     2    -1
 1306     7     1
 1308     3    -1
 1309     3    -1
 1312     7     1
 1313     5     1
 1316     6     1
 1318     5     1
 1319     1    -1
 1322     2     1
 1324     4     1
 1325     3     1
 1327     2    -1
 1329     3    -1
 1332     4     1
 1334     2     1
 1336     3    -1
 1338     1     1
 1339     1     1
 1342     6     1
 1343     3     1
 1346     2    -1
 1347     1    -1
 1350     5     1
 1352     3    -1
 1353     2    -1
 1356     2     1
 1358     8     1
 1360     7     1
 1362     1    -1
 1363     6     1
 1366     5     1
 1367     4     1
 1369     2    -1
 1371     3    -1
 1374     4     1
 1375     3     1
 1377     6     1
 1379     1     1
 1381     3     1
 1383     2    -1
 1385     2     1
 1388     1    -1
 1389     5     1
 1392     1     1
 1394     2    -1
 1396     2     1
 1398     1    -1
 1399     1    -1
 1402     4     1
 1405     8     1
 1408     7     1
 1409     2    -1
 1411     6     1
 1414     2    -1
 1415     6     1
 1417     5     1
 1419     1     1
 1421     3     1
 1423     4     1
 1426     2    -1
 1428     1    -1
 1429     5     1
 1432     3     1
 1433     2     1
 1436     1    -1
 1438     2     1
 1439     1     1
 1441     4     1
 1444     1     1
 1449     1    -1
 1452     6     1
 1454     8     1
 1455     7     1
 1457     1    -1
 1459     6     1
 1461     3     1
 1464     1     1
 1466     5     1
 1467     5     1
 1470     1    -1
 1471     1    -1
 1474     4     1
 1476     2     1
 1477     3     1
 1479     1    -1
 1482     4     1
 1483     1     1
 1485     2     1
 1487     6     1
 1490     1     1
 1497     1     1
 1499     3     1
 1501     8     1
 1504     2     1
 1505     5     1
 1507     7     1
 1510     1     1
 1511     6     1
 1513     1     1
 1516     5     1
 1518     2     1
 1519     4     1
 1521     1     1
 1523     4     1
 1525     1     1
 1527     6     1
 1530     3     1
 1532     1     1
 1536     3     1
 1541     5     1
 1544     2     1
 1545     2     1
 1550     8     1
 1551     2     1
 1553     7     1
 1555     2     1
 1559     4     1
 1560     6     1
 1562     3     1
 1564     6     1
 1565     2     1
 1568     2     1
 1570     5     1
 1572     4     1
 1574     2     1
 1576     3     1
 1577     5     1
 1582     2     1
 1586     3     1
 1594     2     1
 1596     3     1
 1598     8     1
 1599     4     1
 1601     3     1
 1604     6     1
 1605     7     1
 1608     3     1
 1609     3     1
 1611     6     1
 1614     4     1
 1615     5     1
 1617     5     1
 1619     3     1
 1622     3     1
 1627     4     1
 1633     3     1
 1638     4     1
 1639     4     1
 1643     6     1
 1646     3     1
 1648     8     1
 1650     3     1
 1652     4     1
 1654     7     1
 1656     5     1
 1657     4     1
 1659     6     1
 1662     4     1
 1664     4     1
 1668     5     1
 1676     4     1
 1678     5     1
 1679     6     1
 1683     4     1
 1686     5     1
 1692     4     1
 1693     5     1
 1695     8     1
 1697     5     1
 1699     4     1
 1701     5     1
 1704     7     1
 1705     4     1
 1707     6     1
 1713     5     1
 1717     5     1
 1720     6     1
 1724     5     1
 1727     6     1
 1731     5     1
 1736     6     1
 1738     6     1
 1740     5     1
 1744     6     1
 1746     5     1
 1748     8     1
 1750     6     1
 1753     5     1
 1754     7     1
 1758     6     1
 1764     5     1
 1768     7     1
 1773     6     1
 1775     6     1
 1780     7     1
 1781     6     1
 1785     6     1
 1787     7     1
 1791     7     1
 1794     6     1
 1796     8     1
 1797     7     1
 1801     6     1
 1810     8     1
 1813     7     1
 1816     6     1
 1820     6     1
 1821     8     1
 1828     7     1
 1829     8     1
 1832     7     1
 1835     7     1
 1839     8     1
 1841     7     1
 1856     8     1
 1858     7     1
 1860     8     1
 1863     7     1
 1871     8     1
 1875     7     1
 1879     7     1
 1884     8     1
 1895     8     1
 1901     8     1
 1909     8     1
 1920     8     1
 1928     8     1
 1940     8     1
 1945     8     1

  602     8     1
  608     8     1
  610     8     1
  625     8     1
  634     8     1
  643     8     1
  662     8     1
  666     8     1
  674     7     1
  675     7     1
  686     7     1
  687     8     1
  695     7     1
  707     8     1
  714     7     1
  726     7     1
  728     7     1
  729     8     1
  733     7     1
  740     6     1
  742     7     1
  747     6     1
  754     6     1
  762     8     1
  766     7     1
  767     6     1
  774     6     1
  777     7     1
  785     8     1
  788     6     1
  794     6     1
  795     6     1
  798     6     1
  804     5     1
  805     7     1
  809     5     1
  814     8     1
  815     6     1
  818     5     1
  829     5     1
  834     7     1
  836     6     1
  838     6     1
  840     5     1
  845     5     1
  847     5     1
  850     5     1
  851     6     1
  856     7     1
  857     4     1
  864     5     1
  870     4     1
  875     6     1
  877     4     1
  879     5     1
  882     8     1
  885     6     1
  888     5     1
  889     4     1
  898     4     1
  899     5     1
  901     6     1
  904     4     1
  909     4     1
  912     4     1
  913     8     1
  918     3     1
  920     5     1
  921     4     1
  924     7     1
  925     3     1
  938     6     1
  941     3     1
  944     5     1
  946     5     1
  948     4     1
  949     4     1
  952     3     1
  954     7     1
  955     3     1
  957     3     1
  966     4     1
  968     3     1
  969     6     1
  975     3     1
  978     2     1
  980     8     1
  982     4     1
  983     2     1
  985     6     1
  988     3     1
  989     5     1
  992     6     1
  993     4     1
  999     3     1
 1006     2     1
 1007     2     1
 1009     3     1
 1014     5     1
 1015     2     1
 1017     2     1
 1019     7     1
 1021     2     1
 1024     3     1
 1031     5     1
 1033     2     1
 1036     1     1
 1038     6     1
 1042     5     1
 1043     4     1
 1045     3     1
 1047     8     1
 1050     1     1
 1051     4     1
 1054     2     1
 1056     2     1
 1057     6     1
 1059     1     1
 1062     1     1
 1069     1     1
 1072     2     1
 1074     4     1
 1077     1     1
 1080     1     1
 1082     6     1
 1084     5     1
 1086     7     1
 1087     4     1
 1090     3     1
 1092     1    -1
 1094     3     1
 1096     1     1
 1097     2     1
 1102     5     1
 1107     1     1
 1110     1    -1
 1112     8     1
 1114     1    -1
 1115     1     1
 1118     3     1
 1120     1    -1
 1122     6     1
 1124     1    -1
 1125     6     1
 1130     5     1
 1134     2     1
 1135     4     1
 1138     1    -1
 1140     1    -1
 1142     4     1
 1144     3     1
 1147     2     1
 1149     7     1
 1152     2    -1
 1154     1     1
 1155     2     1
 1157     1    -1
 1160     1    -1
 1161     5     1
 1164     2    -1
 1169     2    -1
 1172     1     1
 1173     8     1
 1176     6     1
 1178     5     1
 1179     3     1
 1182     4     1
 1184     2    -1
 1185     2    -1
 1188     3     1
 1190     6     1
 1191     2     1
 1193     2    -1
 1196     1     1
 1198     1     1
 1199     2    -1
 1204     4     1
 1205     1    -1
 1210     3    -1
 1211     2    -1
 1212     7     1
 1215     1    -1
 1217     2     1
 1219     6     1
 1222     3    -1
 1223     5     1
 1225     3    -1
 1227     5     1
 1230     4     1
 1231     3     1
 1235     2     1
 1237     1    -1
 1239     3    -1
 1243     3     1
 1244     3    -1
 1246     8     1
 1247     1     1
 1250     1    -1
 1251     3    -1
 1254     6     1
 1255     1     1
 1259     2    -1
 1260     2    -1
 1261     4     1
 1264     4    -1
 1265     6     1
 1270     3    -1
 1272     5     1
 1273     4     1
 1276     3     1
 1278     1    -1
 1279     7     1
 1282     2     1
 1284     2     1
 1286     4    -1
 1287     3    -1
 1290     1     1
 1291     5     1
 1293     1    -1
 1295     4    -1
 1298     1     1
 1299     2    -1
 1301     3     1
 1303     2    -1
 1306     8     1
 1308     3    -1
 1309     3    -1
 1312     6     1
 1313     6     1
 1316     5     1
 1318     4     1
 1319     1    -1
 1322     2     1
 1324     3     1
 1325     2     1
 1327     3    -1
 1329     4    -1
 1332     4     1
 1334     1     1
 1336     4    -1
 1338     1     1
 1339     1    -1
 1342     7     1
 1343     3     1
 1346     2    -1
 1347     2    -1
 1350     5     1
 1352     3    -1
 1353     3    -1
 1356     2     1
 1358     7     1
 1360     6     1
 1362     1    -1
 1363     5     1
 1366     4     1
 1367     4     1
 1369     2    -1
 1371     4    -1
 1374     3     1
 1375     2     1
 1377     6     1
 1379     1     1
 1381     3     1
 1383     3    -1
 1385     1     1
 1388     2    -1
 1389     5     1
 1392     1    -1
 1394     3    -1
 1396     2     1
 1398     2    -1
 1399     1    -1
 1402     4     1
 1404     8     1
 1405     7     1
 1408     6     1
 1409     2    -1
 1411     5     1
 1414     3    -1
 1415     6     1
 1417     4     1
 1419     1     1
 1421     3     1
 1423     3     1
 1426     3    -1
 1428     1    -1
 1429     5     1
 1432     2     1
 1433     1     1
 1436     2    -1
 1438     2     1
 1439     1    -1
 1441     4     1
 1444     1    -1
 1447     8     1
 1449     2    -1
 1452     6     1
 1454     7     1
 1455     6     1
 1457     2    -1
 1459     5     1
 1461     3     1
 1464     1     1
 1466     4     1
 1467     5     1
 1470     1    -1
 1471     2    -1
 1474     3     1
 1476     2     1
 1477     2     1
 1479     2    -1
 1482     4     1
 1483     1     1
 1485     1     1
 1487     6     1
 1490     1    -1
 1496     8     1
 1497     1    -1
 1499     3     1
 1501     7     1
 1504     1     1
 1505     5     1
 1507     6     1
 1510     1    -1
 1511     5     1
 1513     1    -1
 1516     4     1
 1518     2     1
 1519     4     1
 1521     1    -1
 1523     3     1
 1525     1     1
 1527     6     1
 1530     2     1
 1532     1    -1
 1536     3     1
 1541     5     1
 1544     2     1
 1545     1     1
 1547     8     1
 1550     7     1
 1551     1     1
 1553     6     1
 1555     1     1
 1559     4     1
 1560     5     1
 1562     2     1
 1564     6     1
 1565     1     1
 1568     1     1
 1570     4     1
 1572     3     1
 1574     1     1
 1576     3     1
 1577     5     1
 1582     2     1
 1586     2     1
 1591     8     1
 1594     1     1
 1596     2     1
 1598     7     1
 1599     4     1
 1601     3     1
 1604     6     1
 1605     6     1
 1608     2     1
 1609     2     1
 1611     5     1
 1614     3     1
 1615     4     1
 1617     5     1
 1619     2     1
 1622     2     1
 1627     3     1
 1633     2     1
 1638     4     1
 1639     3     1
 1643     6     1
 1644     8     1
 1646     3     1
 1648     7     1
 1650     2     1
 1652     3     1
 1654     6     1
 1656     5     1
 1657     4     1
 1659     5     1
 1662     3     1
 1664     3     1
 1668     4     1
 1676     3     1
 1678     4     1
 1679     6     1
 1683     3     1
 1686     4     1
 1689     8     1
 1692     3     1
 1693     4     1
 1695     7     1
 1697     5     1
 1699     4     1
 1701     4     1
 1704     6     1
 1705     3     1
 1707     5     1
 1713     5     1
 1717     4     1
 1720     6     1
 1724     4     1
 1727     5     1
 1731     4     1
 1736     5     1
 1738     5     1
 1740     4     1
 1741     8     1
 1744     5     1
 1746     4     1
 1748     7     1
 1750     6     1
 1753     5     1
 1754     6     1
 1758     5     1
 1764     4     1
 1768     6     1
 1773     5     1
 1775     6     1
 1780     6     1
 1781     5     1
 1785     5     1
 1787     6     1
 1789     8     1
 1791     6     1
 1794     5     1
 1796     7     1
 1797     6     1
 1801     5     1
 1810     7     1
 1813     6     1
 1816     6     1
 1820     5     1
 1821     7     1
 1828     6     1
 1829     7     1
 1832     7     1
 1835     6     1
 1838     8     1
 1839     7     1
 1841     6     1
 1852     8     1
 1856     8     1
 1858     6     1
 1860     7     1
 1863     6     1
 1865     8     1
 1871     7     1
 1873     8     1
 1875     7     1
 1879     6     1
 1884     7     1
 1885     8     1
 1895     8     1
 1901     7     1
 1908     8     1
 1909     7     1
 1918     8     1
 1920     7     1
 1928     7     1
 1934     8     1
 1940     8     1
 1945     7     1
 1961     8     1
 1972     8     1
 1982     8     1
 1992     8     1
 1997     8     1
 2026     8     1

  675     8     1
  686     8     1
  695     8     1
  714     8     1
  726     8     1
  728     8     1
  733     8     1
  740     8     1
  742     8     1
  747     7     1
  754     7     1
  766     8     1
  767     7     1
  774     7     1
  777     8     1
  788     7     1
  794     7     1
  795     7     1
  798     7     1
  804     7     1
  805     8     1
  809     6     1
  815     7     1
  818     6     1
  829     6     1
  834     8     1
  836     7     1
  838     6     1
  840     6     1
  845     6     1
  847     6     1
  850     6     1
  851     7     1
  857     6     1
  864     6     1
  870     5     1
  875     7     1
  877     5     1
  879     6     1
  885     6     1
  888     5     1
  889     5     1
  898     5     1
  899     6     1
  901     8     1
  904     5     1
  909     5     1
  912     5     1
  918     5     1
  920     6     1
  921     5     1
  924     8     1
  925     4     1
  938     6     1
  941     4     1
  944     5     1
  946     7     1
  948     5     1
  949     4     1
  952     4     1
  954     8     1
  955     4     1
  957     4     1
  966     5     1
  968     4     1
  969     7     1
  975     4     1
  978     4     1
  982     6     1
  983     3     1
  985     6     1
  988     4     1
  989     5     1
  992     7     1
  993     4     1
  999     3     1
 1006     3     1
 1007     3     1
 1009     4     1
 1014     6     1
 1015     3     1
 1017     3     1
 1019     8     1
 1021     3     1
 1024     5     1
 1031     6     1
 1033     3     1
 1036     3     1
 1038     6     1
 1042     5     1
 1043     4     1
 1045     3     1
 1050     2     1
 1051     5     1
 1054     2     1
 1056     3     1
 1057     7     1
 1059     2     1
 1062     2     1
 1069     2     1
 1072     4     1
 1074     5     1
 1077     2     1
 1080     2     1
 1082     6     1
 1084     5     1
 1086     8     1
 1087     4     1
 1090     3     1
 1092     2     1
 1094     4     1
 1096     2     1
 1097     2     1
 1102     6     1
 1107     1     1
 1110     1     1
 1114     1     1
 1115     3     1
 1118     4     1
 1120     1     1
 1122     7     1
 1124     1     1
 1125     6     1
 1130     5     1
 1134     3     1
 1135     4     1
 1138     1     1
 1140     1     1
 1142     5     1
 1144     3     1
 1147     2     1
 1149     8     1
 1152     1     1
 1154     1     1
 1155     3     1
 1157     2     1
 1160     1    -1
 1161     6     1
 1164     1    -1
 1169     1    -1
 1172     2     1
 1176     6     1
 1178     5     1
 1179     4     1
 1182     4     1
 1184     1    -1
 1185     1    -1
 1188     3     1
 1190     7     1
 1191     2     1
 1193     1    -1
 1196     2     1
 1198     1     1
 1199     1     1
 1204     5     1
 1205     1    -1
 1210     1    -1
 1211     2    -1
 1212     8     1
 1215     1     1
 1217     3     1
 1219     6     1
 1222     2    -1
 1223     5     1
 1225     2    -1
 1227     6     1
 1230     4     1
 1231     3     1
 1235     2     1
 1237     1     1
 1239     2    -1
 1243     4     1
 1244     1    -1
 1247     1     1
 1250     1    -1
 1251     2    -1
 1254     7     1
 1255     2     1
 1259     1    -1
 1260     2    -1
 1261     5     1
 1264     2    -1
 1265     6     1
 1270     3    -1
 1272     5     1
 1273     4     1
 1276     3     1
 1278     1    -1
 1279     8     1
 1282     3     1
 1284     2     1
 1286     3    -1
 1287     2    -1
 1290     1     1
 1291     6     1
 1293     1    -1
 1295     3    -1
 1298     1     1
 1299     2    -1
 1301     4     1
 1303     2    -1
 1308     3    -1
 1309     3    -1
 1312     6     1
 1313     7     1
 1316     5     1
 1318     4     1
 1319     1    -1
 1322     2     1
 1324     3     1
 1325     2     1
 1327     3    -1
 1329     4    -1
 1332     5     1
 1334     1     1
 1336     4    -1
 1338     1     1
 1339     1    -1
 1342     8     1
 1343     3     1
 1346     2    -1
 1347     2    -1
 1350     6     1
 1352     4    -1
 1353     3    -1
 1356     2     1
 1358     6     1
 1360     5     1
 1362     1    -1
 1363     4     1
 1366     3     1
 1367     4     1
 1369     3    -1
 1371     4    -1
 1374     2     1
 1375     1     1
 1377     7     1
 1379     1     1
 1381     3     1
 1383     4    -1
 1385     1    -1
 1388     2    -1
 1389     5     1
 1392     2    -1
 1394     3    -1
 1396     2     1
 1398     3    -1
 1399     1    -1
 1402     4     1
 1404     7     1
 1405     6     1
 1408     5     1
 1409     3    -1
 1411     4     1
 1414     4    -1
 1415     6     1
 1417     3     1
 1419     1     1
 1421     3     1
 1423     2     1
 1426     3    -1
 1428     2    -1
 1429     5     1
 1432     1     1
 1433     1    -1
 1436     3    -1
 1438     2     1
 1439     1    -1
 1441     4     1
 1444     2    -1
 1445     7     1
 1447     6     1
 1449     2    -1
 1452     6     1
 1454     5     1
 1455     4     1
 1457     3    -1
 1459     3     1
 1461     3     1
 1464     1     1
 1466     2     1
 1467     5     1
 1470     2    -1
 1471     3    -1
 1474     1     1
 1476     2     1
 1477     1    -1
 1479     2    -1
 1482     4     1
 1483     1    -1
 1485     2    -1
 1487     6     1
 1490     2    -1
 1492     8     1
 1493     7     1
 1496     6     1
 1497     2    -1
 1499     3     1
 1501     5     1
 1504     1     1
 1505     5     1
 1507     4     1
 1510     1    -1
 1511     3     1
 1513     2    -1
 1516     2     1
 1518     2     1
 1519     4     1
 1521     2    -1
 1523     1     1
 1525     1    -1
 1527     6     1
 1530     1    -1
 1532     1    -1
 1535     8     1
 1536     3     1
 1539     7     1
 1541     5     1
 1544     1     1
 1545     1    -1
 1547     6     1
 1550     5     1
 1551     1    -1
 1553     4     1
 1555     2    -1
 1559     4     1
 1560     3     1
 1562     2     1
 1564     6     1
 1565     1    -1
 1568     1     1
 1570     2     1
 1572     1     1
 1574     1    -1
 1576     3     1
 1577     5     1
 1582     1     1
 1586     1     1
 1587     8     1
 1590     7     1
 1591     6     1
 1594     1     1
 1596     1    -1
 1598     5     1
 1599     4     1
 1601     2     1
 1604     6     1
 1605     4     1
 1608     1    -1
 1609     1     1
 1611     3     1
 1614     3     1
 1615     2     1
 1617     5     1
 1619     1     1
 1622     2     1
 1627     2     1
 1632     8     1
 1633     1     1
 1635     7     1
 1638     4     1
 1639     1     1
 1643     6     1
 1644     6     1
 1646     2     1
 1648     5     1
 1650     2     1
 1652     1     1
 1654     4     1
 1656     5     1
 1657     3     1
 1659     3     1
 1662     1     1
 1664     2     1
 1668     3     1
 1676     2     1
 1678     4     1
 1679     6     1
 1682     8     1
 1683     3     1
 1686     2     1
 1687     7     1
 1689     6     1
 1692     2     1
 1693     2     1
 1695     5     1
 1697     5     1
 1699     3     1
 1701     2     1
 1704     4     1
 1705     3     1
 1707     4     1
 1713     4     1
 1717     2     1
 1720     6     1
 1724     3     1
 1727     3     1
 1730     8     1
 1731     3     1
 1734     7     1
 1736     3     1
 1738     5     1
 1740     4     1
 1741     6     1
 1744     3     1
 1746     3     1
 1748     5     1
 1750     6     1
 1753     4     1
 1754     5     1
 1758     3     1
 1764     4     1
 1768     4     1
 1773     3     1
 1775     5     1
 1778     8     1
 1780     4     1
 1781     4     1
 1784     7     1
 1785     4     1
 1787     4     1
 1789     6     1
 1791     6     1
 1794     5     1
 1796     6     1
 1797     4     1
 1801     4     1
 1810     5     1
 1813     4     1
 1816     5     1
 1820     5     1
 1821     5     1
 1826     8     1
 1828     4     1
 1829     5     1
 1832     6     1
 1833     7     1
 1835     5     1
 1838     7     1
 1839     5     1
 1841     5     1
 1852     6     1
 1856     7     1
 1858     6     1
 1860     5     1
 1863     5     1
 1865     6     1
 1871     5     1
 1873     6     1
 1875     6     1
 1878     8     1
 1879     6     1
 1881     8     1
 1884     5     1
 1885     6     1
 1888     8     1
 1895     7     1
 1900     7     1
 1901     6     1
 1908     6     1
 1909     6     1
 1913     7     1
 1918     6     1
 1920     7     1
 1923     8     1
 1925     7     1
 1928     6     1
 1934     6     1
 1935     7     1
 1940     7     1
 1945     7     1
 1952     8     1
 1956     7     1
 1961     6     1
 1965     8     1
 1969     8     1
 1972     7     1
 1974     7     1
 1979     8     1
 1982     7     1
 1988     7     1
 1989     8     1
 1992     8     1
 1997     7     1
 2009     8     1
 2013     7     1
 2023     8     1
 2026     8     1
 2032     8     1
 2034     7     1
 2044     8     1
 2046     8     1
 2055     8     1
 2066     8     1
 2084     8     1
 2091     8     1
 2115     8     1

