7.80576E-01 6.19424E-01
8.00000E-01 6.48175E-01
8.00707E-01 6.49293E-01
8.01286E-01 6.50000E-01
8.23223E-01 6.76777E-01
8.50000E-01 6.98714E-01
8.50707E-01 6.99293E-01
8.51825E-01 7.00000E-01
8.80576E-01 7.19424E-01
9.00000E-01 7.28907E-01
9.15259E-01 7.34741E-01
9.50000E-01 7.44927E-01
9.54505E-01 7.45495E-01
1.00000E+00 7.49020E-01
1.00111E+00 7.48885E-01
1.05000E+00 7.44927E-01
1.05790E+00 7.42102E-01
1.10000E+00 7.28907E-01
1.14817E+00 7.00000E-01
1.15000E+00 6.98714E-01
1.19871E+00 6.50000E-01
1.20000E+00 6.48175E-01
1.22891E+00 6.00000E-01
1.24210E+00 5.57898E-01
1.24493E+00 5.50000E-01
1.24889E+00 5.01115E-01
1.24902E+00 5.00000E-01
1.24550E+00 4.54505E-01
1.24493E+00 4.50000E-01
1.23474E+00 4.15259E-01
1.22891E+00 4.00000E-01
1.21942E+00 3.80576E-01
1.20000E+00 3.51825E-01
1.19929E+00 3.50707E-01
1.19871E+00 3.50000E-01
1.17678E+00 3.23223E-01
1.15000E+00 3.01286E-01
1.14929E+00 3.00707E-01
1.14817E+00 3.00000E-01
1.11942E+00 2.80576E-01
1.10000E+00 2.71093E-01
1.08474E+00 2.65259E-01
1.05000E+00 2.55073E-01
1.04550E+00 2.54505E-01
1.00000E+00 2.50980E-01
9.98885E-01 2.51115E-01
9.50000E-01 2.55073E-01
9.42102E-01 2.57898E-01
9.00000E-01 2.71093E-01
8.51825E-01 3.00000E-01
8.50000E-01 3.01286E-01
8.01286E-01 3.50000E-01
8.00000E-01 3.51825E-01
7.71093E-01 4.00000E-01
7.57898E-01 4.42102E-01
7.55073E-01 4.50000E-01
7.51115E-01 4.98885E-01
7.50980E-01 5.00000E-01
7.54505E-01 5.45495E-01
7.55073E-01 5.50000E-01
7.65259E-01 5.84741E-01
7.71093E-01 6.00000E-01
7.80576E-01 6.19424E-01


8.39352E-01 6.10648E-01
8.50000E-01 6.26570E-01
8.59170E-01 6.40830E-01
8.64546E-01 6.50000E-01
8.78883E-01 6.71117E-01
9.00000E-01 6.89629E-01
9.05881E-01 6.94119E-01
9.12801E-01 7.00000E-01
9.33129E-01 7.16871E-01
9.50000E-01 7.24566E-01
9.68284E-01 7.31716E-01
1.00000E+00 7.42682E-01
1.00635E+00 7.43648E-01
1.05000E+00 7.49834E-01
1.05018E+00 7.49823E-01
1.10000E+00 7.45616E-01
1.10597E+00 7.44034E-01
1.15000E+00 7.31942E-01
1.18636E+00 7.13636E-01
1.20000E+00 7.07607E-01
1.21013E+00 7.00000E-01
1.25000E+00 6.64921E-01
1.26351E+00 6.50000E-01
1.28232E+00 6.17684E-01
1.29325E+00 6.00000E-01
1.30000E+00 5.83177E-01
1.31240E+00 5.50000E-01
1.31348E+00 5.36522E-01
1.31771E+00 5.00000E-01
1.31631E+00 4.83687E-01
1.31204E+00 4.50000E-01
1.30966E+00 4.40339E-01
1.30000E+00 4.15735E-01
1.29555E+00 4.04450E-01
1.29396E+00 4.00000E-01
1.27796E+00 3.72044E-01
1.26344E+00 3.50000E-01
1.25826E+00 3.41743E-01
1.25000E+00 3.34998E-01
1.23154E+00 3.18455E-01
1.21033E+00 3.00000E-01
1.20512E+00 2.94885E-01
1.20000E+00 2.92267E-01
1.17276E+00 2.77242E-01
1.15000E+00 2.67652E-01
1.13604E+00 2.63956E-01
1.10000E+00 2.53480E-01
1.09672E+00 2.53284E-01
1.05014E+00 2.50000E-01
1.05001E+00 2.49991E-01
1.05000E+00 2.49990E-01
1.04994E+00 2.50000E-01
1.00000E+00 2.57992E-01
9.87227E-01 2.62773E-01
9.50000E-01 2.75368E-01
9.12636E-01 3.00000E-01
9.00000E-01 3.10480E-01
8.64723E-01 3.50000E-01
8.50000E-01 3.73334E-01
8.35502E-01 4.00000E-01
8.30885E-01 4.19115E-01
8.21615E-01 4.50000E-01
8.18821E-01 4.81179E-01
8.17144E-01 5.00000E-01
8.19695E-01 5.30305E-01
8.21633E-01 5.50000E-01
8.27145E-01 5.72855E-01
8.35606E-01 6.00000E-01
8.39352E-01 6.10648E-01


8.87967E-01 5.62033E-01
9.00000E-01 5.98865E-01
9.00307E-01 5.99693E-01
9.00390E-01 6.00000E-01
9.17721E-01 6.32279E-01
9.26877E-01 6.50000E-01
9.34736E-01 6.65264E-01
9.50000E-01 6.78096E-01
9.61769E-01 6.88231E-01
9.73393E-01 7.00000E-01
9.86135E-01 7.13865E-01
1.00000E+00 7.19675E-01
1.02096E+00 7.29041E-01
1.05000E+00 7.39745E-01
1.05865E+00 7.41351E-01
1.10000E+00 7.49015E-01
1.10100E+00 7.49001E-01
1.15000E+00 7.46465E-01
1.15447E+00 7.45527E-01
1.20000E+00 7.34038E-01
1.22800E+00 7.22004E-01
1.25000E+00 7.13528E-01
1.26913E+00 7.00000E-01
1.30000E+00 6.74488E-01
1.32426E+00 6.50000E-01
1.35000E+00 6.12440E-01
1.35836E+00 6.00000E-01
1.36188E+00 5.88118E-01
1.37704E+00 5.50000E-01
1.38026E+00 5.19743E-01
1.38275E+00 5.00000E-01
1.37967E+00 4.70327E-01
1.37713E+00 4.50000E-01
1.37124E+00 4.28761E-01
1.35964E+00 4.00000E-01
1.35689E+00 3.93113E-01
1.35000E+00 3.85249E-01
1.33489E+00 3.65113E-01
1.32537E+00 3.50000E-01
1.31506E+00 3.34939E-01
1.30000E+00 3.23970E-01
1.28580E+00 3.14199E-01
1.27022E+00 3.00000E-01
1.25967E+00 2.90325E-01
1.25000E+00 2.86149E-01
1.22505E+00 2.74953E-01
1.20000E+00 2.65318E-01
1.18726E+00 2.62741E-01
1.15000E+00 2.52663E-01
1.14739E+00 2.52611E-01
1.10000E+00 2.50969E-01
1.09882E+00 2.51176E-01
1.05000E+00 2.60973E-01
1.03131E+00 2.68690E-01
1.00000E+00 2.79772E-01
9.72712E-01 3.00000E-01
9.50000E-01 3.21121E-01
9.26548E-01 3.50000E-01
9.00000E-01 3.98484E-01
8.99206E-01 4.00000E-01
8.99017E-01 4.00983E-01
8.85043E-01 4.50000E-01
8.83906E-01 4.66094E-01
8.81363E-01 5.00000E-01
8.82588E-01 5.17412E-01
8.85866E-01 5.50000E-01
8.87967E-01 5.62033E-01


9.45468E-01 5.04532E-01
9.50000E-01 5.44978E-01
9.50575E-01 5.49425E-01
9.50630E-01 5.50000E-01
9.62759E-01 5.87241E-01
9.65697E-01 6.00000E-01
9.75559E-01 6.24441E-01
9.88517E-01 6.50000E-01
9.91858E-01 6.58142E-01
1.00000E+00 6.65200E-01
1.01696E+00 6.83038E-01
1.03240E+00 7.00000E-01
1.03998E+00 7.10016E-01
1.05000E+00 7.14176E-01
1.07333E+00 7.26668E-01
1.10000E+00 7.36663E-01
1.11090E+00 7.39099E-01
1.15000E+00 7.48028E-01
1.15192E+00 7.48082E-01
1.20000E+00 7.46758E-01
1.20392E+00 7.46077E-01
1.25000E+00 7.35612E-01
1.27280E+00 7.27198E-01
1.30000E+00 7.17716E-01
1.32695E+00 7.00000E-01
1.35000E+00 6.81875E-01
1.38397E+00 6.50000E-01
1.40000E+00 6.29816E-01
1.42192E+00 6.00000E-01
1.43335E+00 5.66647E-01
1.44018E+00 5.50000E-01
1.44739E+00 5.02614E-01
1.44775E+00 5.00000E-01
1.44237E+00 4.57630E-01
1.44134E+00 4.50000E-01
1.43073E+00 4.19273E-01
1.42336E+00 4.00000E-01
1.41613E+00 3.83867E-01
1.40000E+00 3.66413E-01
1.39192E+00 3.58079E-01
1.38688E+00 3.50000E-01
1.37032E+00 3.29681E-01
1.35000E+00 3.15198E-01
1.34022E+00 3.09781E-01
1.32935E+00 3.00000E-01
1.31307E+00 2.86934E-01
1.30000E+00 2.81884E-01
1.27680E+00 2.73199E-01
1.25000E+00 2.63818E-01
1.23813E+00 2.61870E-01
1.20000E+00 2.52551E-01
1.19743E+00 2.52565E-01
1.15000E+00 2.52216E-01
1.14718E+00 2.52822E-01
1.10000E+00 2.63405E-01
1.07461E+00 2.75394E-01
1.05000E+00 2.85030E-01
1.03162E+00 3.00000E-01
1.00000E+00 3.32452E-01
9.86792E-01 3.50000E-01
9.75467E-01 3.74533E-01
9.63830E-01 4.00000E-01
9.50000E-01 4.46093E-01
9.48935E-01 4.50000E-01
9.48873E-01 4.51127E-01
9.45219E-01 5.00000E-01
9.45468E-01 5.04532E-01


1.03381E+00 6.16192E-01
1.05000E+00 6.46931E-01
1.05117E+00 6.48832E-01
1.05169E+00 6.50000E-01
1.07195E+00 6.78054E-01
1.09144E+00 7.00000E-01
1.09481E+00 7.05189E-01
1.10000E+00 7.07485E-01
1.12561E+00 7.24395E-01
1.15000E+00 7.33530E-01
1.16300E+00 7.37002E-01
1.20000E+00 7.46369E-01
1.20343E+00 7.46574E-01
1.25000E+00 7.46328E-01
1.25425E+00 7.45754E-01
1.30000E+00 7.36820E-01
1.31946E+00 7.30541E-01
1.35000E+00 7.20782E-01
1.38431E+00 7.00000E-01
1.40000E+00 6.88377E-01
1.44420E+00 6.50000E-01
1.45000E+00 6.43399E-01
1.48371E+00 6.00000E-01
1.50000E+00 5.62698E-01
1.50619E+00 5.50000E-01
1.50701E+00 5.42991E-01
1.51546E+00 5.00000E-01
1.51388E+00 4.86122E-01
1.50791E+00 4.50000E-01
1.50616E+00 4.43843E-01
1.50000E+00 4.32766E-01
1.49008E+00 4.09919E-01
1.48634E+00 4.00000E-01
1.47347E+00 3.76526E-01
1.45046E+00 3.50000E-01
1.45028E+00 3.49721E-01
1.45000E+00 3.49544E-01
1.42458E+00 3.25422E-01
1.40000E+00 3.07034E-01
1.39528E+00 3.04717E-01
1.38961E+00 3.00000E-01
1.36575E+00 2.84254E-01
1.35000E+00 2.78521E-01
1.32838E+00 2.71619E-01
1.30000E+00 2.62756E-01
1.28875E+00 2.61246E-01
1.25000E+00 2.52966E-01
1.24694E+00 2.53062E-01
1.20000E+00 2.53942E-01
1.19471E+00 2.55285E-01
1.15000E+00 2.66077E-01
1.11598E+00 2.84016E-01
1.10000E+00 2.90826E-01
1.08960E+00 3.00000E-01
1.05000E+00 3.47521E-01
1.04831E+00 3.50000E-01
1.04723E+00 3.52773E-01
1.02610E+00 4.00000E-01
1.01888E+00 4.31121E-01
1.01507E+00 4.50000E-01
1.01240E+00 4.87601E-01
1.01162E+00 5.00000E-01
1.01573E+00 5.34273E-01
1.01722E+00 5.50000E-01
1.02358E+00 5.76416E-01
1.02907E+00 6.00000E-01
1.03381E+00 6.16192E-01


1.09386E+00 6.06143E-01
1.10000E+00 6.17856E-01
1.11062E+00 6.39379E-01
1.11478E+00 6.50000E-01
1.12704E+00 6.72964E-01
1.15000E+00 6.98991E-01
1.15055E+00 6.99449E-01
1.15103E+00 7.00000E-01
1.17805E+00 7.21953E-01
1.20000E+00 7.30198E-01
1.21508E+00 7.34924E-01
1.25000E+00 7.43955E-01
1.25552E+00 7.44481E-01
1.30000E+00 7.45468E-01
1.30505E+00 7.44954E-01
1.35000E+00 7.37721E-01
1.36722E+00 7.32783E-01
1.40000E+00 7.23095E-01
1.44192E+00 7.00000E-01
1.45000E+00 6.94450E-01
1.47858E+00 6.71420E-01
1.50000E+00 6.55009E-01
1.50546E+00 6.50000E-01
1.52481E+00 6.25193E-01
1.54552E+00 6.00000E-01
1.55000E+00 5.91646E-01
1.57216E+00 5.50000E-01
1.57597E+00 5.24032E-01
1.58077E+00 5.00000E-01
1.57749E+00 4.72508E-01
1.57409E+00 4.50000E-01
1.56834E+00 4.31662E-01
1.55118E+00 4.00000E-01
1.55079E+00 3.99207E-01
1.55000E+00 3.98484E-01
1.52982E+00 3.70183E-01
1.51379E+00 3.50000E-01
1.50810E+00 3.41904E-01
1.50000E+00 3.37061E-01
1.47858E+00 3.21422E-01
1.45108E+00 3.00000E-01
1.45052E+00 2.99476E-01
1.45000E+00 2.99266E-01
1.41810E+00 2.81901E-01
1.40000E+00 2.75718E-01
1.37978E+00 2.70221E-01
1.35000E+00 2.61945E-01
1.33920E+00 2.60800E-01
1.30000E+00 2.53718E-01
1.29605E+00 2.53953E-01
1.25000E+00 2.56072E-01
1.24145E+00 2.58546E-01
1.20000E+00 2.69147E-01
1.15382E+00 2.96179E-01
1.15000E+00 2.97955E-01
1.14784E+00 3.00000E-01
1.14290E+00 3.07096E-01
1.11169E+00 3.50000E-01
1.10000E+00 3.71556E-01
1.08753E+00 4.00000E-01
1.08475E+00 4.15252E-01
1.07844E+00 4.50000E-01
1.07742E+00 4.72583E-01
1.07613E+00 5.00000E-01
1.07811E+00 5.21889E-01
1.08130E+00 5.50000E-01
1.08403E+00 5.65969E-01
1.09243E+00 6.00000E-01
1.09386E+00 6.06143E-01


1.14600E+00 5.54002E-01
1.15000E+00 5.69471E-01
1.15670E+00 5.93295E-01
1.15765E+00 6.00000E-01
1.16902E+00 6.30982E-01
1.17583E+00 6.50000E-01
1.18274E+00 6.67257E-01
1.20000E+00 6.87134E-01
1.20638E+00 6.93623E-01
1.21153E+00 7.00000E-01
1.23094E+00 7.19058E-01
1.25000E+00 7.26224E-01
1.26743E+00 7.32574E-01
1.30000E+00 7.41304E-01
1.30768E+00 7.42321E-01
1.35000E+00 7.44290E-01
1.35614E+00 7.43864E-01
1.40000E+00 7.38267E-01
1.41577E+00 7.34235E-01
1.45000E+00 7.24959E-01
1.49998E+00 7.00000E-01
1.50000E+00 6.99989E-01
1.50004E+00 6.99958E-01
1.55000E+00 6.64185E-01
1.56621E+00 6.50000E-01
1.60000E+00 6.11722E-01
1.61004E+00 6.00000E-01
1.61831E+00 5.81687E-01
1.63550E+00 5.50000E-01
1.64425E+00 5.05749E-01
1.64554E+00 5.00000E-01
1.64031E+00 4.59692E-01
1.63886E+00 4.50000E-01
1.62826E+00 4.21742E-01
1.61751E+00 4.00000E-01
1.61154E+00 3.88462E-01
1.60000E+00 3.78079E-01
1.58648E+00 3.63522E-01
1.57596E+00 3.50000E-01
1.56416E+00 3.35843E-01
1.55000E+00 3.27309E-01
1.53295E+00 3.17050E-01
1.51063E+00 3.00000E-01
1.50472E+00 2.95278E-01
1.50000E+00 2.93469E-01
1.47020E+00 2.79796E-01
1.45000E+00 2.73390E-01
1.43103E+00 2.68970E-01
1.40000E+00 2.61279E-01
1.38953E+00 2.60466E-01
1.35000E+00 2.54681E-01
1.34486E+00 2.55145E-01
1.30000E+00 2.58374E-01
1.28753E+00 2.62467E-01
1.25000E+00 2.72661E-01
1.20827E+00 3.00000E-01
1.20000E+00 3.08871E-01
1.17250E+00 3.50000E-01
1.15002E+00 3.99976E-01
1.15002E+00 4.00000E-01
1.15000E+00 4.00063E-01
1.14093E+00 4.50000E-01
1.14056E+00 4.59436E-01
1.13965E+00 5.00000E-01
1.14036E+00 5.09641E-01
1.14548E+00 5.50000E-01
1.14600E+00 5.54002E-01


1.23969E+00 6.60312E-01
1.25000E+00 6.72707E-01
1.26205E+00 6.87947E-01
1.27133E+00 7.00000E-01
1.28449E+00 7.15509E-01
1.30000E+00 7.21489E-01
1.31988E+00 7.30124E-01
1.35000E+00 7.38455E-01
1.35992E+00 7.40080E-01
1.40000E+00 7.43046E-01
1.40720E+00 7.42796E-01
1.45000E+00 7.38494E-01
1.46500E+00 7.35000E-01
1.50000E+00 7.26340E-01
1.54280E+00 7.07203E-01
1.55000E+00 7.04647E-01
1.55780E+00 7.00000E-01
1.60000E+00 6.71521E-01
1.62587E+00 6.50000E-01
1.65000E+00 6.25078E-01
1.67266E+00 6.00000E-01
1.69766E+00 5.52345E-01
1.69899E+00 5.50000E-01
1.70000E+00 5.46224E-01
1.71353E+00 5.00000E-01
1.71220E+00 4.87805E-01
1.70582E+00 4.50000E-01
1.70438E+00 4.45617E-01
1.70000E+00 4.38785E-01
1.68781E+00 4.12185E-01
1.68209E+00 4.00000E-01
1.67008E+00 3.79924E-01
1.65000E+00 3.61202E-01
1.64405E+00 3.55948E-01
1.63916E+00 3.50000E-01
1.61937E+00 3.30634E-01
1.60000E+00 3.18602E-01
1.58777E+00 3.12233E-01
1.57068E+00 3.00000E-01
1.55827E+00 2.91726E-01
1.55000E+00 2.88699E-01
1.52217E+00 2.77833E-01
1.50000E+00 2.71330E-01
1.48217E+00 2.67832E-01
1.45000E+00 2.60801E-01
1.43973E+00 2.60272E-01
1.40000E+00 2.55814E-01
1.39334E+00 2.56664E-01
1.35000E+00 2.60688E-01
1.33305E+00 2.66953E-01
1.30000E+00 2.76743E-01
1.26783E+00 3.00000E-01
1.25000E+00 3.21185E-01
1.23219E+00 3.50000E-01
1.22196E+00 3.78045E-01
1.21485E+00 4.00000E-01
1.20680E+00 4.43201E-01
1.20584E+00 4.50000E-01
1.20517E+00 4.94833E-01
1.20508E+00 5.00000E-01
1.21137E+00 5.38629E-01
1.21226E+00 5.50000E-01
1.21887E+00 5.81132E-01
1.22133E+00 6.00000E-01
1.22717E+00 6.22834E-01
1.23639E+00 6.50000E-01
1.23969E+00 6.60312E-01


1.29839E+00 6.51608E-01
1.30000E+00 6.53764E-01
1.31757E+00 6.82430E-01
1.33048E+00 7.00000E-01
1.33869E+00 7.11307E-01
1.35000E+00 7.15945E-01
1.37247E+00 7.27526E-01
1.40000E+00 7.35440E-01
1.41214E+00 7.37855E-01
1.45000E+00 7.41666E-01
1.45839E+00 7.41614E-01
1.50000E+00 7.38407E-01
1.51469E+00 7.35313E-01
1.55000E+00 7.27337E-01
1.58798E+00 7.12021E-01
1.60000E+00 7.08001E-01
1.61426E+00 7.00000E-01
1.65000E+00 6.77337E-01
1.68487E+00 6.50000E-01
1.70000E+00 6.35452E-01
1.73353E+00 6.00000E-01
1.75000E+00 5.73474E-01
1.76500E+00 5.50000E-01
1.76954E+00 5.30459E-01
1.77903E+00 5.00000E-01
1.77660E+00 4.73396E-01
1.77347E+00 4.50000E-01
1.76754E+00 4.32458E-01
1.75000E+00 4.04158E-01
1.74852E+00 4.01483E-01
1.74778E+00 4.00000E-01
1.72749E+00 3.72506E-01
1.70511E+00 3.50000E-01
1.70276E+00 3.47237E-01
1.70000E+00 3.45687E-01
1.67427E+00 3.25733E-01
1.65000E+00 3.10312E-01
1.64303E+00 3.06973E-01
1.63222E+00 3.00000E-01
1.61152E+00 2.88485E-01
1.60000E+00 2.84514E-01
1.57410E+00 2.75896E-01
1.55000E+00 2.69391E-01
1.53331E+00 2.66691E-01
1.50000E+00 2.60379E-01
1.48985E+00 2.60149E-01
1.45000E+00 2.56961E-01
1.44165E+00 2.58350E-01
1.40000E+00 2.63219E-01
1.37734E+00 2.72663E-01
1.35000E+00 2.81552E-01
1.32685E+00 3.00000E-01
1.30000E+00 3.36143E-01
1.29214E+00 3.50000E-01
1.28886E+00 3.61142E-01
1.27733E+00 4.00000E-01
1.27380E+00 4.26205E-01
1.27114E+00 4.50000E-01
1.27128E+00 4.78716E-01
1.27137E+00 5.00000E-01
1.27474E+00 5.25261E-01
1.27694E+00 5.50000E-01
1.27989E+00 5.70106E-01
1.28363E+00 6.00000E-01
1.28614E+00 6.13856E-01
1.29796E+00 6.50000E-01
1.29839E+00 6.51608E-01


1.34701E+00 6.02995E-01
1.35000E+00 6.12963E-01
1.35848E+00 6.41524E-01
1.36088E+00 6.50000E-01
1.37322E+00 6.76778E-01
1.38968E+00 7.00000E-01
1.39370E+00 7.06303E-01
1.40000E+00 7.09154E-01
1.42525E+00 7.24753E-01
1.45000E+00 7.32178E-01
1.46442E+00 7.35584E-01
1.50000E+00 7.39940E-01
1.50985E+00 7.40151E-01
1.55000E+00 7.37945E-01
1.56489E+00 7.35109E-01
1.60000E+00 7.27953E-01
1.63483E+00 7.15171E-01
1.65000E+00 7.10354E-01
1.66973E+00 7.00000E-01
1.70000E+00 6.82046E-01
1.74314E+00 6.50000E-01
1.75000E+00 6.43873E-01
1.79367E+00 6.00000E-01
1.80000E+00 5.91001E-01
1.82770E+00 5.50000E-01
1.83955E+00 5.10454E-01
1.84313E+00 5.00000E-01
1.84043E+00 4.59571E-01
1.83946E+00 4.50000E-01
1.82862E+00 4.21384E-01
1.81677E+00 4.00000E-01
1.81060E+00 3.89396E-01
1.80000E+00 3.80740E-01
1.78515E+00 3.64851E-01
1.77098E+00 3.50000E-01
1.76074E+00 3.39262E-01
1.75000E+00 3.33374E-01
1.72951E+00 3.20494E-01
1.70000E+00 3.01980E-01
1.69863E+00 3.01370E-01
1.69624E+00 3.00000E-01
1.66473E+00 2.85266E-01
1.65000E+00 2.80548E-01
1.62615E+00 2.73853E-01
1.60000E+00 2.67463E-01
1.58452E+00 2.65476E-01
1.55000E+00 2.59909E-01
1.54000E+00 2.60002E-01
1.50000E+00 2.58096E-01
1.48979E+00 2.60214E-01
1.45000E+00 2.65956E-01
1.41967E+00 2.80328E-01
1.40000E+00 2.87513E-01
1.38559E+00 3.00000E-01
1.36170E+00 3.38305E-01
1.35411E+00 3.50000E-01
1.35000E+00 3.61583E-01
1.33903E+00 4.00000E-01
1.33780E+00 4.12203E-01
1.33450E+00 4.50000E-01
1.33474E+00 4.65257E-01
1.33546E+00 5.00000E-01
1.33686E+00 5.13143E-01
1.34081E+00 5.50000E-01
1.34171E+00 5.58289E-01
1.34661E+00 6.00000E-01
1.34701E+00 6.02995E-01


1.39991E+00 5.00093E-01
1.40000E+00 5.00890E-01
1.40569E+00 5.44309E-01
1.40598E+00 5.50000E-01
1.41046E+00 5.89543E-01
1.41117E+00 6.00000E-01
1.41797E+00 6.32031E-01
1.42226E+00 6.50000E-01
1.42932E+00 6.70678E-01
1.44953E+00 7.00000E-01
1.44970E+00 7.00297E-01
1.45000E+00 7.00449E-01
1.47833E+00 7.21674E-01
1.50000E+00 7.28492E-01
1.51680E+00 7.33196E-01
1.55000E+00 7.37900E-01
1.56157E+00 7.38435E-01
1.60000E+00 7.37057E-01
1.61557E+00 7.34427E-01
1.65000E+00 7.28148E-01
1.68305E+00 7.16954E-01
1.70000E+00 7.11828E-01
1.72401E+00 7.00000E-01
1.75000E+00 6.85644E-01
1.79854E+00 6.51456E-01
1.80000E+00 6.50510E-01
1.80065E+00 6.50000E-01
1.85000E+00 6.03868E-01
1.85379E+00 6.00000E-01
1.86057E+00 5.89426E-01
1.88837E+00 5.50000E-01
1.90000E+00 5.20182E-01
1.90881E+00 5.00000E-01
1.90877E+00 4.91231E-01
1.90714E+00 4.50000E-01
1.90556E+00 4.44437E-01
1.90000E+00 4.35053E-01
1.88962E+00 4.10376E-01
1.88436E+00 4.00000E-01
1.87096E+00 3.79038E-01
1.85000E+00 3.61088E-01
1.84416E+00 3.55844E-01
1.83836E+00 3.50000E-01
1.81797E+00 3.32034E-01
1.80000E+00 3.22101E-01
1.78561E+00 3.14386E-01
1.76123E+00 3.00000E-01
1.75415E+00 2.95854E-01
1.75000E+00 2.94410E-01
1.71812E+00 2.81881E-01
1.70000E+00 2.76570E-01
1.67845E+00 2.71552E-01
1.65000E+00 2.65409E-01
1.63594E+00 2.64065E-01
1.60000E+00 2.59304E-01
1.59023E+00 2.59772E-01
1.55000E+00 2.59158E-01
1.53786E+00 2.62142E-01
1.50000E+00 2.68868E-01
1.45838E+00 2.91619E-01
1.45000E+00 2.95133E-01
1.44486E+00 3.00000E-01
1.43935E+00 3.10651E-01
1.41617E+00 3.50000E-01
1.40257E+00 3.97429E-01
1.40202E+00 4.00000E-01
1.40000E+00 4.22709E-01
1.39801E+00 4.50000E-01
1.39805E+00 4.51948E-01
1.39990E+00 5.00000E-01
1.39991E+00 5.00093E-01


