 4973     2
 4974     2
 4975     2
 4976     2
 4977     2
 4978     2
 4979     2
 4980     2
 4981     2
 4982     2
 4983     2
 4984     2
 4986     2
 5011     2
 5012     2
 5013     2
 5014     2
 5015     1
 5016     1
 5017     1
 5018     1
 5019     1
 5020     1
 5021     1
 5022     1
 5023     1
 5024     1
 5025     2
 5026     1
 5028     2
 5049     2
 5050     2
 5051     2
 5052     2
 5053     1
 5054     1
 5055     1
 5056     1
 5057     2
 5058     2
 5059     2
 5060     2
 5061     2
 5062     2
 5063     2
 5064     2
 5065     1
 5066     2
 5067     2
 5068     1
 5070     2
 5089     2
 5090     2
 5091     1
 5092     1
 5093     1
 5094     1
 5095     2
 5096     2
 5097     2
 5098     2
 5105     2
 5107     1
 5108     2
 5109     2
 5110     1
 5112     2
 5129     2
 5130     2
 5131     1
 5132     1
 5133     2
 5134     2
 5135     2
 5136     2
 5147     2
 5148     2
 5149     1
 5150     1
 5151     2
 5152     2
 5169     2
 5170     2
 5171     1
 5172     1
 5173     2
 5174     2
 5187     2
 5188     2
 5189     1
 5190     1
 5191     2
 5192     2
 5209     2
 5210     2
 5211     1
 5212     1
 5213     2
 5214     2
 5227     2
 5228     2
 5229     1
 5230     1
 5231     2
 5232     2
 5249     2
 5250     2
 5251     1
 5252     1
 5253     2
 5254     2
 5265     2
 5266     2
 5267     2
 5268     2
 5269     1
 5270     1
 5271     2
 5272     2
 5289     2
 5291     1
 5292     2
 5293     2
 5294     1
 5296     2
 5303     2
 5304     2
 5305     2
 5306     2
 5307     1
 5308     1
 5309     1
 5310     1
 5311     2
 5312     2
 5331     2
 5333     1
 5334     2
 5335     2
 5336     1
 5337     2
 5338     2
 5339     2
 5340     2
 5341     2
 5342     2
 5343     2
 5344     2
 5345     1
 5346     1
 5347     1
 5348     1
 5349     2
 5350     2
 5351     2
 5352     2
 5373     2
 5375     1
 5376     2
 5377     1
 5378     1
 5379     1
 5380     1
 5381     1
 5382     1
 5383     1
 5384     1
 5385     1
 5386     1
 5387     2
 5388     2
 5389     2
 5390     2
 5415     2
 5417     2
 5418     2
 5419     2
 5420     2
 5421     2
 5422     2
 5423     2
 5424     2
 5425     2
 5426     2
 5427     2
 5428     2

 5013     2
 5014     2
 5015     2
 5016     2
 5017     2
 5018     2
 5019     2
 5020     2
 5021     2
 5022     2
 5023     2
 5024     2
 5026     2
 5051     2
 5052     2
 5053     2
 5054     2
 5055     1
 5056     1
 5057     1
 5058     1
 5059     1
 5060     1
 5061     1
 5062     1
 5063     1
 5064     1
 5065     2
 5066     1
 5068     2
 5089     2
 5090     2
 5091     2
 5092     2
 5093     1
 5094     1
 5095     1
 5096     1
 5097     2
 5098     2
 5099     2
 5100     2
 5101     2
 5102     2
 5103     2
 5104     2
 5105     1
 5106     2
 5107     2
 5108     1
 5110     2
 5129     2
 5130     2
 5131     1
 5132     1
 5133     1
 5134     1
 5135     2
 5136     2
 5137     2
 5138     2
 5145     2
 5147     1
 5148     2
 5149     2
 5150     1
 5152     2
 5169     2
 5170     2
 5171     1
 5172     1
 5173     2
 5174     2
 5175     2
 5176     2
 5187     2
 5188     2
 5189     1
 5190     1
 5191     2
 5192     2
 5209     2
 5210     2
 5211     1
 5212     1
 5213     2
 5214     2
 5227     2
 5228     2
 5229     1
 5230     2
 5231     2
 5232     1
 5234     2
 5249     2
 5250     2
 5251     1
 5252     1
 5253     2
 5254     2
 5267     2
 5268     2
 5269     1
 5270     1
 5271     1
 5272     1
 5273     2
 5274     2
 5289     2
 5290     2
 5291     1
 5292     1
 5293     2
 5294     2
 5307     2
 5308     2
 5309     1
 5310     1
 5311     2
 5312     2
 5313     2
 5314     2
 5329     2
 5330     2
 5331     1
 5332     1
 5333     2
 5334     2
 5345     2
 5346     2
 5347     2
 5348     2
 5349     1
 5350     1
 5351     2
 5352     2
 5369     2
 5371     1
 5372     2
 5373     2
 5374     1
 5375     2
 5376     2
 5378     2
 5381     2
 5382     2
 5383     2
 5384     2
 5385     2
 5386     2
 5387     1
 5388     1
 5389     1
 5390     1
 5391     2
 5392     2
 5411     2
 5413     1
 5414     2
 5415     1
 5416     1
 5417     2
 5418     1
 5419     2
 5420     2
 5421     2
 5422     2
 5423     1
 5424     1
 5425     1
 5426     1
 5427     1
 5428     1
 5429     2
 5430     2
 5431     2
 5432     2
 5453     2
 5455     2
 5456     2
 5457     1
 5458     2
 5459     1
 5460     1
 5461     1
 5462     1
 5463     1
 5464     1
 5465     2
 5466     2
 5467     2
 5468     2
 5469     2
 5470     2
 5497     2
 5499     2
 5500     2
 5501     2
 5502     2
 5503     2
 5504     2
 5505     2
 5506     2

 5055     2
 5056     2
 5057     2
 5058     2
 5059     2
 5060     2
 5061     2
 5062     2
 5063     2
 5064     2
 5066     2
 5091     2
 5092     2
 5093     2
 5094     2
 5095     2
 5096     2
 5097     1
 5098     1
 5099     1
 5100     1
 5101     1
 5102     1
 5103     1
 5104     1
 5105     2
 5106     1
 5108     2
 5129     2
 5130     2
 5131     2
 5132     2
 5133     1
 5134     1
 5135     1
 5136     1
 5137     1
 5138     1
 5139     2
 5140     2
 5141     2
 5142     2
 5143     2
 5144     2
 5145     1
 5146     2
 5147     2
 5148     1
 5150     2
 5169     2
 5170     2
 5171     1
 5172     1
 5173     1
 5174     1
 5175     2
 5176     2
 5177     2
 5178     2
 5179     2
 5180     2
 5185     2
 5187     1
 5188     2
 5189     2
 5190     1
 5192     2
 5209     2
 5210     2
 5211     1
 5212     1
 5213     2
 5214     2
 5215     2
 5216     2
 5227     2
 5228     2
 5229     1
 5230     1
 5231     2
 5232     2
 5249     2
 5250     2
 5251     1
 5252     1
 5253     2
 5254     2
 5267     2
 5268     2
 5269     1
 5270     1
 5271     2
 5272     2
 5289     2
 5290     2
 5291     1
 5292     1
 5293     2
 5294     2
 5307     2
 5308     2
 5309     1
 5310     1
 5311     2
 5312     2
 5329     2
 5330     2
 5331     1
 5332     1
 5333     2
 5334     2
 5347     2
 5348     2
 5349     1
 5350     1
 5351     2
 5352     2
 5369     2
 5370     2
 5371     1
 5372     1
 5373     2
 5374     2
 5385     2
 5386     2
 5387     2
 5388     2
 5389     1
 5390     1
 5391     2
 5392     2
 5409     2
 5411     1
 5412     2
 5413     2
 5414     1
 5416     2
 5423     2
 5424     2
 5425     2
 5426     2
 5427     1
 5428     1
 5429     1
 5430     1
 5431     2
 5432     2
 5451     2
 5453     1
 5454     2
 5455     2
 5456     1
 5457     2
 5458     2
 5459     2
 5460     2
 5461     2
 5462     2
 5463     2
 5464     2
 5465     1
 5466     1
 5467     1
 5468     1
 5469     2
 5470     2
 5471     2
 5472     2
 5493     2
 5495     1
 5496     2
 5497     1
 5498     1
 5499     1
 5500     1
 5501     1
 5502     1
 5503     1
 5504     1
 5505     1
 5506     1
 5507     2
 5508     2
 5509     2
 5510     2
 5535     2
 5537     2
 5538     2
 5539     2
 5540     2
 5541     2
 5542     2
 5543     2
 5544     2
 5545     2
 5546     2
 5547     2
 5548     2

 5097     2
 5098     2
 5099     2
 5100     2
 5101     2
 5102     2
 5104     2
 5131     2
 5132     2
 5133     2
 5134     2
 5135     2
 5136     2
 5137     2
 5138     2
 5139     1
 5140     1
 5141     1
 5142     1
 5143     2
 5144     1
 5145     2
 5146     2
 5148     2
 5169     2
 5170     2
 5171     2
 5172     2
 5173     1
 5174     1
 5175     1
 5176     1
 5177     1
 5178     1
 5179     1
 5180     1
 5181     2
 5182     2
 5183     1
 5184     2
 5185     1
 5186     1
 5187     2
 5188     1
 5190     2
 5209     2
 5210     2
 5211     1
 5212     1
 5213     1
 5214     1
 5215     2
 5216     2
 5217     2
 5218     2
 5219     2
 5220     2
 5221     2
 5222     2
 5223     2
 5225     2
 5226     2
 5227     1
 5228     2
 5229     2
 5230     1
 5232     2
 5249     2
 5250     2
 5251     1
 5252     1
 5253     2
 5254     2
 5255     2
 5256     2
 5267     2
 5268     2
 5269     1
 5270     1
 5271     2
 5272     2
 5289     2
 5290     2
 5291     1
 5292     1
 5293     2
 5294     2
 5307     2
 5308     2
 5309     1
 5310     1
 5311     2
 5312     2
 5329     2
 5330     2
 5331     1
 5332     1
 5333     2
 5334     2
 5347     2
 5348     2
 5349     1
 5350     1
 5351     2
 5352     2
 5369     2
 5370     2
 5371     1
 5372     1
 5373     2
 5374     2
 5387     2
 5388     2
 5389     1
 5390     1
 5391     2
 5392     2
 5409     2
 5410     2
 5411     1
 5412     1
 5413     2
 5414     2
 5425     2
 5426     2
 5427     2
 5428     2
 5429     1
 5430     1
 5431     2
 5432     2
 5449     2
 5451     1
 5452     2
 5453     2
 5454     1
 5456     2
 5463     2
 5464     2
 5465     2
 5466     2
 5467     1
 5468     1
 5469     1
 5470     1
 5471     2
 5472     2
 5491     2
 5493     1
 5494     2
 5495     2
 5496     1
 5497     2
 5498     2
 5499     2
 5500     2
 5501     2
 5502     2
 5503     2
 5504     2
 5505     1
 5506     1
 5507     1
 5508     1
 5509     2
 5510     2
 5511     2
 5512     2
 5533     2
 5535     1
 5536     2
 5537     1
 5538     1
 5539     1
 5540     1
 5541     1
 5542     1
 5543     1
 5544     1
 5545     1
 5546     1
 5547     2
 5548     2
 5549     2
 5550     2
 5575     2
 5577     2
 5578     2
 5579     2
 5580     2
 5581     2
 5582     2
 5583     2
 5584     2
 5585     2
 5586     2
 5587     2
 5588     2

 5173     2
 5174     2
 5175     2
 5176     2
 5177     2
 5178     2
 5179     2
 5180     2
 5181     2
 5182     2
 5183     2
 5184     2
 5185     2
 5186     2
 5188     2
 5209     2
 5210     2
 5211     2
 5212     2
 5213     2
 5214     2
 5215     1
 5216     1
 5217     1
 5218     1
 5219     1
 5220     1
 5221     1
 5222     1
 5223     1
 5224     1
 5225     1
 5226     1
 5227     2
 5228     1
 5230     2
 5249     2
 5250     2
 5251     1
 5252     1
 5253     1
 5254     1
 5255     1
 5256     1
 5257     2
 5258     2
 5259     2
 5260     2
 5261     2
 5262     2
 5263     2
 5264     2
 5265     2
 5266     2
 5267     1
 5268     2
 5269     2
 5270     1
 5272     2
 5289     2
 5290     2
 5291     1
 5292     1
 5293     2
 5294     2
 5295     2
 5296     2
 5297     2
 5298     2
 5307     2
 5308     2
 5309     1
 5310     1
 5311     2
 5312     2
 5329     2
 5330     2
 5331     1
 5332     1
 5333     2
 5334     2
 5347     2
 5348     2
 5349     1
 5350     1
 5351     2
 5352     2
 5369     2
 5370     2
 5371     1
 5372     1
 5373     2
 5374     2
 5387     2
 5388     2
 5389     1
 5390     1
 5391     2
 5392     2
 5409     2
 5410     2
 5411     1
 5412     1
 5413     2
 5414     2
 5427     2
 5428     2
 5429     1
 5430     1
 5431     2
 5432     2
 5449     2
 5450     2
 5451     1
 5452     1
 5453     2
 5454     2
 5465     2
 5466     2
 5467     2
 5468     2
 5469     1
 5470     1
 5471     2
 5472     2
 5489     2
 5491     1
 5492     2
 5493     2
 5494     1
 5496     2
 5505     2
 5506     2
 5507     1
 5508     1
 5509     1
 5510     1
 5511     2
 5512     2
 5531     2
 5533     1
 5534     2
 5535     2
 5536     1
 5538     2
 5541     2
 5542     2
 5543     2
 5544     2
 5545     2
 5546     2
 5547     1
 5548     1
 5549     2
 5550     2
 5551     2
 5552     2
 5573     2
 5575     1
 5576     2
 5577     2
 5578     1
 5579     2
 5580     2
 5581     2
 5582     2
 5583     1
 5584     1
 5585     1
 5586     1
 5587     1
 5588     1
 5589     2
 5590     2
 5615     2
 5617     1
 5618     2
 5619     1
 5620     1
 5621     1
 5622     1
 5623     1
 5624     1
 5625     2
 5626     2
 5627     2
 5628     2
 5629     2
 5630     2
 5657     2
 5659     2
 5660     2
 5661     2
 5662     2
 5663     2
 5664     2
 5665     2
 5666     2

 5213     2
 5214     2
 5215     2
 5216     2
 5217     2
 5218     2
 5219     2
 5220     2
 5221     2
 5222     2
 5223     2
 5224     2
 5226     2
 5251     2
 5252     2
 5253     2
 5254     2
 5255     1
 5256     1
 5257     1
 5258     1
 5259     1
 5260     1
 5261     1
 5262     1
 5263     1
 5264     1
 5265     2
 5266     1
 5267     2
 5268     2
 5270     2
 5289     2
 5290     2
 5291     2
 5292     2
 5293     1
 5294     1
 5295     1
 5296     1
 5297     2
 5298     2
 5299     2
 5300     2
 5301     2
 5302     2
 5303     2
 5304     2
 5305     1
 5306     2
 5307     1
 5308     1
 5309     2
 5310     1
 5312     2
 5329     2
 5330     2
 5331     1
 5332     1
 5333     1
 5334     1
 5335     2
 5336     2
 5337     2
 5338     2
 5345     2
 5347     2
 5348     2
 5349     1
 5350     1
 5351     2
 5352     2
 5369     2
 5370     2
 5371     1
 5372     1
 5373     2
 5374     2
 5375     2
 5376     2
 5387     2
 5388     2
 5389     1
 5390     1
 5391     2
 5392     2
 5409     2
 5410     2
 5411     1
 5412     1
 5413     2
 5414     2
 5427     2
 5428     2
 5429     1
 5430     1
 5431     2
 5432     2
 5449     2
 5450     2
 5451     1
 5452     1
 5453     2
 5454     2
 5467     2
 5468     2
 5469     1
 5470     1
 5471     2
 5472     2
 5489     2
 5490     2
 5491     1
 5492     1
 5493     2
 5494     2
 5507     2
 5508     2
 5509     1
 5510     1
 5511     2
 5512     2
 5529     2
 5531     1
 5532     2
 5533     2
 5534     1
 5536     2
 5545     2
 5546     2
 5547     2
 5548     2
 5549     1
 5550     1
 5551     2
 5552     2
 5571     2
 5572     2
 5573     1
 5574     1
 5575     2
 5576     2
 5578     2
 5583     2
 5584     2
 5585     2
 5586     2
 5587     1
 5588     1
 5589     1
 5590     1
 5591     2
 5592     2
 5611     2
 5613     1
 5614     2
 5615     1
 5616     1
 5617     2
 5618     1
 5619     2
 5620     2
 5621     2
 5622     2
 5623     2
 5624     2
 5625     1
 5626     1
 5627     1
 5628     1
 5629     2
 5630     2
 5631     2
 5632     2
 5653     2
 5655     2
 5656     2
 5657     1
 5658     2
 5659     1
 5660     1
 5661     1
 5662     1
 5663     1
 5664     1
 5665     1
 5666     1
 5667     2
 5668     2
 5669     2
 5670     2
 5697     2
 5699     2
 5700     2
 5701     2
 5702     2
 5703     2
 5704     2
 5705     2
 5706     2
 5707     2
 5708     2

 5255     2
 5256     2
 5257     2
 5258     2
 5259     2
 5260     2
 5261     2
 5262     2
 5264     2
 5291     2
 5292     2
 5293     2
 5294     2
 5295     2
 5296     2
 5297     1
 5298     1
 5299     1
 5300     1
 5301     1
 5302     1
 5303     2
 5304     1
 5305     2
 5306     2
 5308     2
 5329     2
 5330     2
 5331     2
 5332     2
 5333     1
 5334     1
 5335     1
 5336     1
 5337     1
 5338     1
 5339     2
 5340     2
 5341     2
 5342     2
 5343     1
 5344     2
 5345     1
 5346     1
 5347     2
 5348     1
 5350     2
 5369     2
 5370     2
 5371     1
 5372     1
 5373     1
 5374     1
 5375     2
 5376     2
 5377     2
 5378     2
 5379     2
 5380     2
 5383     2
 5385     2
 5386     2
 5387     1
 5388     2
 5389     2
 5390     1
 5392     2
 5409     2
 5410     2
 5411     1
 5412     1
 5413     2
 5414     2
 5415     2
 5416     2
 5427     2
 5428     2
 5429     1
 5430     1
 5431     2
 5432     2
 5449     2
 5450     2
 5451     1
 5452     1
 5453     2
 5454     2
 5467     2
 5468     2
 5469     1
 5470     1
 5471     2
 5472     2
 5489     2
 5490     2
 5491     1
 5492     1
 5493     2
 5494     2
 5507     2
 5508     2
 5509     1
 5510     1
 5511     2
 5512     2
 5529     2
 5530     2
 5531     1
 5532     1
 5533     2
 5534     2
 5547     2
 5548     2
 5549     1
 5550     1
 5551     2
 5552     2
 5569     2
 5571     1
 5572     2
 5573     2
 5574     1
 5576     2
 5585     2
 5586     2
 5587     2
 5588     2
 5589     1
 5590     1
 5591     2
 5592     2
 5611     2
 5612     2
 5613     1
 5614     1
 5615     2
 5616     2
 5623     2
 5624     2
 5625     2
 5626     2
 5627     1
 5628     1
 5629     1
 5630     1
 5631     2
 5632     2
 5651     2
 5653     1
 5654     2
 5655     2
 5656     1
 5657     2
 5658     2
 5659     2
 5660     2
 5661     2
 5662     2
 5663     2
 5664     2
 5665     1
 5666     1
 5667     1
 5668     1
 5669     2
 5670     2
 5671     2
 5672     2
 5693     2
 5695     1
 5696     2
 5697     1
 5698     1
 5699     1
 5700     1
 5701     1
 5702     1
 5703     1
 5704     1
 5705     1
 5706     1
 5707     2
 5708     2
 5709     2
 5710     2
 5735     2
 5737     2
 5738     2
 5739     2
 5740     2
 5741     2
 5742     2
 5743     2
 5744     2
 5745     2
 5746     2
 5747     2
 5748     2

 5331     2
 5332     2
 5333     2
 5334     2
 5335     2
 5336     2
 5337     2
 5338     2
 5339     2
 5340     2
 5341     2
 5342     2
 5343     2
 5344     2
 5345     2
 5346     2
 5348     2
 5369     2
 5370     2
 5371     2
 5372     2
 5373     1
 5374     1
 5375     1
 5376     1
 5377     1
 5378     1
 5379     1
 5380     1
 5381     1
 5382     1
 5383     1
 5384     1
 5385     1
 5386     1
 5387     2
 5388     1
 5390     2
 5409     2
 5410     2
 5411     1
 5412     1
 5413     1
 5414     1
 5415     2
 5416     2
 5417     2
 5418     2
 5419     2
 5420     2
 5421     2
 5422     2
 5423     2
 5424     2
 5425     2
 5426     2
 5427     1
 5428     2
 5429     2
 5430     1
 5432     2
 5449     2
 5450     2
 5451     1
 5452     1
 5453     2
 5454     2
 5455     2
 5456     2
 5467     2
 5468     2
 5469     1
 5470     1
 5471     2
 5472     2
 5489     2
 5490     2
 5491     1
 5492     1
 5493     2
 5494     2
 5507     2
 5508     2
 5509     1
 5510     1
 5511     2
 5512     2
 5529     2
 5530     2
 5531     1
 5532     1
 5533     2
 5534     2
 5547     2
 5548     2
 5549     1
 5550     1
 5551     2
 5552     2
 5569     2
 5570     2
 5571     1
 5572     1
 5573     2
 5574     2
 5587     2
 5588     2
 5589     1
 5590     1
 5591     2
 5592     2
 5609     2
 5610     2
 5611     1
 5612     1
 5613     2
 5614     2
 5625     2
 5626     2
 5627     2
 5628     2
 5629     1
 5630     1
 5631     2
 5632     2
 5649     2
 5651     1
 5652     2
 5653     2
 5654     1
 5656     2
 5663     2
 5664     2
 5665     2
 5666     2
 5667     1
 5668     1
 5669     1
 5670     1
 5671     2
 5672     2
 5691     2
 5693     1
 5694     2
 5695     2
 5696     1
 5697     2
 5698     2
 5700     2
 5701     2
 5702     2
 5703     2
 5704     2
 5705     1
 5706     1
 5707     1
 5708     1
 5709     2
 5710     2
 5711     2
 5712     2
 5733     2
 5735     1
 5736     2
 5737     1
 5738     1
 5739     2
 5740     1
 5741     2
 5742     2
 5743     1
 5744     1
 5745     1
 5746     1
 5747     2
 5748     2
 5749     2
 5750     2
 5775     2
 5777     2
 5778     2
 5779     1
 5780     2
 5781     1
 5782     1
 5783     1
 5784     1
 5785     2
 5786     2
 5787     2
 5788     2
 5819     2
 5821     2
 5822     2
 5823     2
 5824     2
 5825     2
 5826     2

 5371     2
 5372     2
 5373     2
 5374     2
 5375     2
 5376     2
 5377     2
 5378     2
 5379     2
 5380     2
 5381     2
 5382     2
 5383     2
 5384     2
 5385     2
 5386     2
 5388     2
 5409     2
 5410     2
 5411     2
 5412     2
 5413     1
 5414     1
 5415     1
 5416     1
 5417     1
 5418     1
 5419     1
 5420     1
 5421     1
 5422     1
 5423     1
 5424     1
 5425     1
 5426     1
 5427     2
 5428     1
 5430     2
 5449     2
 5450     2
 5451     1
 5452     1
 5453     1
 5454     1
 5455     2
 5456     2
 5457     2
 5458     2
 5459     2
 5460     2
 5461     2
 5462     2
 5463     2
 5464     2
 5465     2
 5466     2
 5467     1
 5468     2
 5469     2
 5470     1
 5472     2
 5489     2
 5490     2
 5491     1
 5492     1
 5493     2
 5494     2
 5495     2
 5496     2
 5507     2
 5508     2
 5509     1
 5510     1
 5511     2
 5512     2
 5529     2
 5530     2
 5531     1
 5532     1
 5533     2
 5534     2
 5547     2
 5548     2
 5549     1
 5550     1
 5551     2
 5552     2
 5569     2
 5570     2
 5571     1
 5572     1
 5573     2
 5574     2
 5587     2
 5588     2
 5589     1
 5590     1
 5591     2
 5592     2
 5609     2
 5610     2
 5611     1
 5612     1
 5613     2
 5614     2
 5627     2
 5628     2
 5629     1
 5630     1
 5631     2
 5632     2
 5649     2
 5650     2
 5651     1
 5652     1
 5653     2
 5654     2
 5665     2
 5666     2
 5667     2
 5668     2
 5669     1
 5670     1
 5671     2
 5672     2
 5689     2
 5691     1
 5692     2
 5693     2
 5694     1
 5696     2
 5705     2
 5706     2
 5707     1
 5708     1
 5709     1
 5710     1
 5711     2
 5712     2
 5731     2
 5733     1
 5734     2
 5735     2
 5736     1
 5738     2
 5741     2
 5742     2
 5743     2
 5744     2
 5745     2
 5746     2
 5747     1
 5748     1
 5749     2
 5750     2
 5751     2
 5752     2
 5773     2
 5775     1
 5776     2
 5777     2
 5778     1
 5779     2
 5780     2
 5781     2
 5782     2
 5783     1
 5784     1
 5785     1
 5786     1
 5787     1
 5788     1
 5789     2
 5790     2
 5815     2
 5817     1
 5818     2
 5819     1
 5820     1
 5821     1
 5822     1
 5823     1
 5824     1
 5825     2
 5826     2
 5827     2
 5828     2
 5829     2
 5830     2
 5857     2
 5859     2
 5860     2
 5861     2
 5862     2
 5863     2
 5864     2
 5865     2
 5866     2

 5413     2
 5414     2
 5415     2
 5416     2
 5417     2
 5418     2
 5419     2
 5420     2
 5421     2
 5422     2
 5423     2
 5424     2
 5426     2
 5449     2
 5450     2
 5451     2
 5452     2
 5453     2
 5454     2
 5455     1
 5456     1
 5457     1
 5458     1
 5459     1
 5460     1
 5461     1
 5462     1
 5463     1
 5464     1
 5465     2
 5466     1
 5467     2
 5468     2
 5470     2
 5489     2
 5490     2
 5491     1
 5492     1
 5493     1
 5494     1
 5495     1
 5496     1
 5497     2
 5498     2
 5499     2
 5500     2
 5501     2
 5502     2
 5503     2
 5504     2
 5505     1
 5506     2
 5507     1
 5508     1
 5509     2
 5510     1
 5512     2
 5529     2
 5530     2
 5531     1
 5532     1
 5533     2
 5534     2
 5535     2
 5536     2
 5537     2
 5538     2
 5545     2
 5547     2
 5548     2
 5549     1
 5550     1
 5551     2
 5552     2
 5569     2
 5570     2
 5571     1
 5572     1
 5573     2
 5574     2
 5587     2
 5588     2
 5589     1
 5590     1
 5591     2
 5592     2
 5609     2
 5610     2
 5611     1
 5612     1
 5613     2
 5614     2
 5627     2
 5628     2
 5629     1
 5630     1
 5631     2
 5632     2
 5649     2
 5650     2
 5651     1
 5652     1
 5653     2
 5654     2
 5667     2
 5668     2
 5669     1
 5670     1
 5671     2
 5672     2
 5689     2
 5690     2
 5691     1
 5692     1
 5693     2
 5694     2
 5705     2
 5706     2
 5707     2
 5708     2
 5709     1
 5710     1
 5711     2
 5712     2
 5729     2
 5731     1
 5732     2
 5733     2
 5734     1
 5736     2
 5745     2
 5746     2
 5747     1
 5748     1
 5749     1
 5750     1
 5751     2
 5752     2
 5771     2
 5773     1
 5774     2
 5775     2
 5776     1
 5778     2
 5783     2
 5784     2
 5785     2
 5786     2
 5787     1
 5788     1
 5789     2
 5790     2
 5791     2
 5792     2
 5813     2
 5815     1
 5816     2
 5817     2
 5818     1
 5819     2
 5820     2
 5821     2
 5822     2
 5823     2
 5824     2
 5825     1
 5826     1
 5827     1
 5828     1
 5829     2
 5830     2
 5855     2
 5857     1
 5858     2
 5859     1
 5860     1
 5861     1
 5862     1
 5863     1
 5864     1
 5865     1
 5866     1
 5867     2
 5868     2
 5869     2
 5870     2
 5897     2
 5899     2
 5900     2
 5901     2
 5902     2
 5903     2
 5904     2
 5905     2
 5906     2
 5907     2
 5908     2

 5457     2
 5458     2
 5459     2
 5460     2
 5461     2
 5462     2
 5464     2
 5489     2
 5490     2
 5491     2
 5492     2
 5493     2
 5494     2
 5495     2
 5496     2
 5497     2
 5498     2
 5499     1
 5500     1
 5501     1
 5502     1
 5503     2
 5504     1
 5505     2
 5506     2
 5507     2
 5508     2
 5510     2
 5529     2
 5530     2
 5531     1
 5532     1
 5533     1
 5534     1
 5535     1
 5536     1
 5537     1
 5538     1
 5539     1
 5540     1
 5541     2
 5542     2
 5543     1
 5544     2
 5545     1
 5546     1
 5547     1
 5548     1
 5549     2
 5550     1
 5552     2
 5569     2
 5570     2
 5571     1
 5572     1
 5573     2
 5574     2
 5575     2
 5576     2
 5577     2
 5578     2
 5579     2
 5580     2
 5581     2
 5582     2
 5583     2
 5585     2
 5586     2
 5587     2
 5588     2
 5589     1
 5590     1
 5591     2
 5592     2
 5609     2
 5610     2
 5611     1
 5612     1
 5613     2
 5614     2
 5627     2
 5628     2
 5629     1
 5630     1
 5631     2
 5632     2
 5649     2
 5650     2
 5651     1
 5652     1
 5653     2
 5654     2
 5667     2
 5668     2
 5669     1
 5670     1
 5671     2
 5672     2
 5689     2
 5690     2
 5691     1
 5692     1
 5693     2
 5694     2
 5707     2
 5708     2
 5709     1
 5710     1
 5711     2
 5712     2
 5729     2
 5730     2
 5731     1
 5732     1
 5733     2
 5734     2
 5747     2
 5748     2
 5749     1
 5750     1
 5751     2
 5752     2
 5769     2
 5771     1
 5772     2
 5773     2
 5774     1
 5776     2
 5785     2
 5786     2
 5787     2
 5788     2
 5789     1
 5790     1
 5791     2
 5792     2
 5811     2
 5812     2
 5813     1
 5814     1
 5815     2
 5816     2
 5823     2
 5824     2
 5825     2
 5826     2
 5827     1
 5828     1
 5829     1
 5830     1
 5831     2
 5832     2
 5851     2
 5853     1
 5854     2
 5855     2
 5856     1
 5857     2
 5858     2
 5860     2
 5861     2
 5862     2
 5863     2
 5864     2
 5865     1
 5866     1
 5867     1
 5868     1
 5869     2
 5870     2
 5871     2
 5872     2
 5893     2
 5895     1
 5896     2
 5897     1
 5898     1
 5899     2
 5900     1
 5901     2
 5902     2
 5903     1
 5904     1
 5905     1
 5906     1
 5907     2
 5908     2
 5909     2
 5910     2
 5935     2
 5937     2
 5938     2
 5939     1
 5940     2
 5941     1
 5942     1
 5943     1
 5944     1
 5945     2
 5946     2
 5947     2
 5948     2
 5979     2
 5981     2
 5982     2
 5983     2
 5984     2
 5985     2
 5986     2

