-9.25484E+01
-7.04689E+01
-7.12668E+01
-6.32316E+01
-5.10573E+01
-5.45351E+01
-5.38766E+01
-5.52675E+01
-5.30252E+01
-4.95204E+01
-5.08612E+01
-5.03671E+01
-5.14232E+01
-5.07534E+01
-5.02353E+01
-4.89219E+01
-4.79403E+01
-4.93965E+01
-4.82917E+01
-4.94271E+01
-4.92630E+01
-4.83224E+01
-4.85509E+01
-4.80095E+01
-4.66540E+01
-4.78857E+01
-4.82426E+01
-4.66678E+01
-4.82673E+01
-4.66693E+01
-4.76281E+01
-4.78916E+01
-4.66512E+01
-4.73390E+01
-4.53562E+01
-4.76009E+01
-4.50344E+01
-4.50055E+01
-4.76658E+01
-4.73000E+01
-4.66269E+01
-4.74528E+01
-4.52829E+01
-4.37290E+01
-4.70859E+01
-4.66086E+01
-4.29202E+01
-4.72716E+01
-4.56180E+01
-4.70697E+01
-4.73308E+01
-4.30594E+01
-4.38359E+01
-4.71957E+01
-4.59127E+01
-4.65981E+01
-4.70275E+01
-4.20638E+01
-4.71464E+01
-4.46759E+01
-4.69303E+01
-3.93487E+01
-4.71814E+01
-4.02101E+01
-4.61244E+01
-4.70759E+01
-4.24677E+01
-4.53112E+01
-4.65932E+01
-4.68643E+01
-4.39425E+01
-4.70925E+01
-2.25583E+01
-4.71571E+01
-2.98152E+01
-4.62551E+01
-4.71773E+01
-4.57368E+01
-3.79106E+01
-4.65912E+01
-4.49266E+01
-4.70781E+01
-4.17698E+01
-4.68674E+01
-4.38016E+01
-4.59878E+01
-4.63177E+01
-4.71550E+01
0.00000E+00
-4.55208E+01
-2.16132E+01
-4.72137E+01
-3.86269E+01
-4.72561E+01
-4.65906E+01
-4.49503E+01
-4.23470E+01
-4.71575E+01
-4.61054E+01
-4.58520E+01
-4.69154E+01
-4.42834E+01
-4.63136E+01
-4.55866E+01
-4.65906E+01
-4.53119E+01
-4.59997E+01
-4.59120E+01
-4.61026E+01
-4.62656E+01
-4.58506E+01
-4.60353E+01
-4.60035E+01
-4.60984E+01
-4.60232E+01
-4.60240E+01
-4.61543E+01
-4.59248E+01
-4.60886E+01
-4.59674E+01
-4.60260E+01

-9.25484E+01
-7.12668E+01
-5.45351E+01
-5.08612E+01
-4.89219E+01
-7.04689E+01
-4.78857E+01
-6.32316E+01
-5.52675E+01
-5.14232E+01
-4.73390E+01
-4.93965E+01
-4.70859E+01
-4.82426E+01
-5.10573E+01
-5.38766E+01
-5.30252E+01
-5.07534E+01
-4.76009E+01
-4.70275E+01
-4.92630E+01
-4.72716E+01
-4.82673E+01
-4.70925E+01
-4.95204E+01
-5.03671E+01
-5.02353E+01
-4.76658E+01
-4.71464E+01
-4.94271E+01
-4.85509E+01
-4.71550E+01
-4.73308E+01
-4.78916E+01
-4.71571E+01
-4.79403E+01
-4.82917E+01
-4.71814E+01
-4.83224E+01
-4.74528E+01
-4.80095E+01
-4.72137E+01
-4.76281E+01
-4.71957E+01
-4.71773E+01
-4.73000E+01
-4.70759E+01
-4.66540E+01
-4.66678E+01
-4.70697E+01
-4.66693E+01
-4.72561E+01
-4.66512E+01
-4.69303E+01
-4.66269E+01
-4.70781E+01
-4.66086E+01
-4.68643E+01
-4.53562E+01
-4.50344E+01
-4.71575E+01
-4.65981E+01
-4.50055E+01
-4.52829E+01
-4.68674E+01
-4.65932E+01
-4.56180E+01
-4.59127E+01
-4.65912E+01
-4.69154E+01
-4.61244E+01
-4.37290E+01
-4.29202E+01
-4.30594E+01
-4.38359E+01
-4.65906E+01
-4.62551E+01
-4.46759E+01
-4.53112E+01
-4.63177E+01
-4.65906E+01
-4.57368E+01
-4.20638E+01
-3.93487E+01
-4.02101E+01
-4.63136E+01
-4.24677E+01
-4.59878E+01
-4.39425E+01
-4.62656E+01
-4.61054E+01
-4.49266E+01
-4.55208E+01
-2.25583E+01
-4.61026E+01
-2.98152E+01
-3.79106E+01
-4.58520E+01
-4.17698E+01
-4.38016E+01
-4.60232E+01
-4.59997E+01
-4.49503E+01
-4.55866E+01
-4.60035E+01
0.00000E+00
-2.16132E+01
-3.86269E+01
-4.59120E+01
-4.23470E+01
-4.59248E+01
-4.42834E+01
-4.60353E+01
-4.53119E+01
-4.58506E+01
-4.60240E+01
-4.60984E+01
-4.59674E+01
-4.61543E+01
-4.60886E+01
-4.60260E+01

-1.88621E+02
-1.46423E+02
-1.13621E+02
-1.06619E+02
-1.02711E+02
-1.00348E+02
-9.87905E+01
-9.77052E+01
-9.69248E+01
-9.63552E+01
-1.43953E+02
-1.30158E+02
-9.59380E+01
-1.14915E+02
-1.07571E+02
-1.03537E+02
-9.56349E+01
-1.01000E+02
-9.93103E+01
-9.54196E+01
-9.81246E+01
-9.72682E+01
-9.52733E+01
-9.66391E+01
-9.51827E+01
-1.05236E+02
-9.61744E+01
-1.11556E+02
-1.10455E+02
-1.06234E+02
-1.03296E+02
-9.58326E+01
-1.01103E+02
-9.51382E+01
-9.95264E+01
-9.55852E+01
-9.83645E+01
-9.51324E+01
-9.75000E+01
-9.54121E+01
-9.68508E+01
-9.51586E+01
-9.52985E+01
-9.63626E+01
-1.02584E+02
-1.04967E+02
-1.05272E+02
-1.03905E+02
-1.02136E+02
-9.59971E+01
-9.52334E+01
-1.00572E+02
-9.52074E+01
-9.92949E+01
-9.57273E+01
-9.82859E+01
-9.52082E+01
-9.74979E+01
-9.52574E+01
-9.55334E+01
-9.68864E+01
-9.52147E+01
-9.54006E+01
-9.64150E+01
-1.00123E+02
-9.52778E+01
-1.01561E+02
-1.02183E+02
-1.01695E+02
-1.00777E+02
-9.60551E+01
-9.52428E+01
-9.53176E+01
-9.97514E+01
-9.88058E+01
-9.57844E+01
-9.79956E+01
-9.52752E+01
-9.52778E+01
-9.73275E+01
-9.55859E+01
-9.67888E+01
-9.52655E+01
-9.54464E+01
-9.52981E+01
-9.63616E+01
-9.85791E+01
-9.94937E+01
-1.00041E+02
-9.99405E+01
-9.52800E+01
-9.60281E+01
-9.94727E+01
-9.53555E+01
-9.88363E+01
-9.81750E+01
-9.57728E+01
-9.53050E+01
-9.75621E+01
-9.53129E+01
-9.70283E+01
-9.55823E+01
-9.52883E+01
-9.65807E+01
-9.53462E+01
-9.54459E+01
-9.62155E+01
-9.75120E+01
-9.81024E+01
-9.85225E+01
-9.52992E+01
-9.85506E+01
-9.53549E+01
-9.59242E+01
-9.83205E+01
-9.79348E+01
-9.74899E+01
-9.56972E+01
-9.53024E+01
-9.53385E+01
-9.70478E+01
-9.55253E+01
-9.66433E+01
-9.52837E+01
-9.62917E+01
-9.53875E+01
-9.54005E+01
-9.59972E+01
-9.66872E+01
-9.70647E+01
-9.52944E+01
-9.73600E+01
-9.53160E+01
-9.74219E+01
-9.57575E+01
-9.73123E+01
-9.70840E+01
-9.55678E+01
-9.67962E+01
-9.52667E+01
-9.53390E+01
-9.64933E+01
-9.54223E+01
-9.62047E+01
-9.52491E+01
-9.53974E+01
-9.59463E+01
-9.53156E+01
-9.57250E+01
-9.52605E+01
-9.59948E+01
-9.62213E+01
-9.64089E+01
-9.52427E+01
-9.64636E+01
-9.55419E+01
-9.64141E+01
-9.62858E+01
-9.53952E+01
-9.53067E+01
-9.52000E+01
-9.61124E+01
-9.59220E+01
-9.52816E+01
-9.57351E+01
-9.51851E+01
-9.53674E+01
-9.55641E+01
-9.51975E+01
-9.54154E+01
-9.51964E+01
-9.53727E+01
-9.54812E+01
-9.51399E+01
-9.55746E+01
-9.52909E+01
-9.56063E+01
-9.55869E+01
-9.55267E+01
-9.52398E+01
-9.51904E+01
-9.51061E+01
-9.54412E+01
-9.53448E+01
-9.51120E+01
-9.52487E+01
-9.50947E+01
-9.52965E+01
-9.51598E+01
-9.50538E+01
-9.50821E+01
-9.51047E+01
-9.50138E+01
-9.47801E+01
-9.47853E+01
-9.47915E+01
-9.50169E+01
-9.47949E+01
-9.47933E+01
-9.51411E+01
-9.47867E+01
-9.49903E+01
-9.49641E+01
-9.47766E+01
-9.47652E+01
-9.49230E+01
-9.49826E+01
-9.51883E+01
-9.47542E+01
-9.47447E+01
-9.48925E+01
-9.49900E+01
-9.47370E+01
-9.48715E+01
-9.41842E+01
-9.40864E+01
-9.40058E+01
-9.47312E+01
-9.39809E+01
-9.50162E+01
-9.39970E+01
-9.48592E+01
-9.40441E+01
-9.47270E+01
-9.41096E+01
-9.41834E+01
-9.47241E+01
-9.50499E+01
-9.48552E+01
-9.42579E+01
-9.47222E+01
-9.43281E+01
-9.48590E+01
-9.43908E+01
-9.47210E+01
-9.35523E+01
-9.33374E+01
-9.44447E+01
-9.31633E+01
-9.31158E+01
-9.48727E+01
-9.31621E+01
-9.47202E+01
-9.44893E+01
-9.32771E+01
-9.34310E+01
-9.35998E+01
-9.48903E+01
-9.45248E+01
-9.47198E+01
-9.37662E+01
-9.45516E+01
-9.39197E+01
-9.47197E+01
-9.40545E+01
-9.45702E+01
-9.28429E+01
-9.41686E+01
-9.24786E+01
-9.21981E+01
-9.47196E+01
-9.21440E+01
-9.22504E+01
-9.45811E+01
-9.42616E+01
-9.24660E+01
-9.27354E+01
-9.47196E+01
-9.43349E+01
-9.30183E+01
-9.45844E+01
-9.32885E+01
-9.43897E+01
-9.35313E+01
-9.45802E+01
-9.37405E+01
-9.44276E+01
-9.39145E+01
-9.45665E+01
-9.19926E+01
-9.14180E+01
-9.10145E+01
-9.09952E+01
-9.44498E+01
-9.12226E+01
-9.40548E+01
-9.15966E+01
-9.20255E+01
-9.45489E+01
-9.44568E+01
-9.41639E+01
-9.24507E+01
-9.28398E+01
-9.42451E+01
-9.44491E+01
-9.31786E+01
-9.34632E+01
-9.43009E+01
-9.44228E+01
-9.36955E+01
-9.08896E+01
-8.99947E+01
-8.94659E+01
-9.43336E+01
-8.95777E+01
-9.00445E+01
-9.38799E+01
-9.06719E+01
-9.43891E+01
-9.13211E+01
-9.43445E+01
-9.40218E+01
-9.19215E+01
-9.24440E+01
-9.41261E+01
-9.43343E+01
-9.28821E+01
-9.41975E+01
-9.32399E+01
-9.42977E+01
-9.35257E+01
-8.92978E+01
-8.78844E+01
-9.42394E+01
-8.72840E+01
-8.77872E+01
-8.87090E+01
-9.37486E+01
-8.97310E+01
-9.42505E+01
-9.06705E+01
-9.42538E+01
-9.39177E+01
-9.14737E+01
-9.21351E+01
-9.40406E+01
-9.42424E+01
-9.26679E+01
-9.41239E+01
-9.30901E+01
-9.41989E+01
-9.34196E+01
-9.41725E+01
-8.67657E+01
-8.44149E+01
-8.41430E+01
-8.55356E+01
-9.36718E+01
-8.73167E+01
-9.41422E+01
-8.88863E+01
-9.41898E+01
-9.01649E+01
-9.38601E+01
-9.11728E+01
-9.19583E+01
-9.39949E+01
-9.41783E+01
-9.25666E+01
-9.40849E+01
-9.30348E+01
-9.41320E+01
-9.33919E+01
-9.41368E+01
-8.39702E+01
-7.77484E+01
-7.88996E+01
-8.31634E+01
-9.40712E+01
-9.36600E+01
-8.61285E+01
-8.83382E+01
-9.41552E+01
-8.99240E+01
-9.38565E+01
-9.10895E+01
-9.19543E+01
-9.41443E+01
-9.39946E+01
-9.26018E+01
-9.40845E+01
-9.30876E+01
-9.40997E+01
-9.34505E+01
-9.41344E+01
-4.51530E+01
-5.89701E+01
-7.43875E+01
-9.40413E+01
-8.17954E+01
-9.37178E+01
-8.58767E+01
-9.41508E+01
-8.84391E+01
-9.39096E+01
-9.01415E+01
-9.13322E+01
-9.41397E+01
-9.40409E+01
-9.21891E+01
-9.28162E+01
-9.41228E+01
-9.41003E+01
-9.32780E+01
-9.36166E+01
-9.41644E+01
0.00000E+00
-4.25350E+01
-9.40514E+01
-7.56581E+01
-9.38610E+01
-8.27590E+01
-8.67107E+01
-9.41737E+01
-8.90998E+01
-9.40317E+01
-9.06692E+01
-9.17580E+01
-9.41590E+01
-9.41435E+01
-9.25373E+01
-9.31037E+01
-9.42072E+01
-9.41261E+01
-9.35168E+01
-9.42316E+01
-9.38158E+01
-9.40928E+01
-9.40275E+01
-9.42246E+01
-9.41710E+01
-9.41963E+01
-9.42594E+01
-9.43024E+01
-9.41612E+01
-9.43073E+01
-9.41410E+01
-9.42806E+01
-9.42316E+01
-9.41816E+01
-9.41612E+01

-1.88621E+02
-1.46423E+02
-1.13621E+02
-1.06619E+02
-1.02711E+02
-1.00348E+02
-9.87905E+01
-9.77052E+01
-9.69248E+01
-9.63552E+01
-9.59380E+01
-9.56349E+01
-9.54196E+01
-1.43953E+02
-1.30158E+02
-1.14915E+02
-1.07571E+02
-1.03537E+02
-9.52733E+01
-1.01000E+02
-9.93103E+01
-9.81246E+01
-9.51827E+01
-9.72682E+01
-9.51382E+01
-9.66391E+01
-9.61744E+01
-9.51324E+01
-9.58326E+01
-9.55852E+01
-9.51586E+01
-1.05236E+02
-1.11556E+02
-1.10455E+02
-1.06234E+02
-1.03296E+02
-9.54121E+01
-1.01103E+02
-9.52074E+01
-9.95264E+01
-9.52985E+01
-9.83645E+01
-9.75000E+01
-9.52574E+01
-9.52334E+01
-9.68508E+01
-9.63626E+01
-9.52778E+01
-9.52082E+01
-9.59971E+01
-9.52147E+01
-9.57273E+01
-1.02584E+02
-1.04967E+02
-1.05272E+02
-1.03905E+02
-1.02136E+02
-9.55334E+01
-1.00572E+02
-9.52428E+01
-9.92949E+01
-9.54006E+01
-9.82859E+01
-9.74979E+01
-9.52778E+01
-9.53176E+01
-9.68864E+01
-9.64150E+01
-9.52981E+01
-9.52752E+01
-9.60551E+01
-9.52655E+01
-9.57844E+01
-1.00123E+02
-1.01561E+02
-1.02183E+02
-1.01695E+02
-1.00777E+02
-9.55859E+01
-9.52800E+01
-9.97514E+01
-9.88058E+01
-9.54464E+01
-9.79956E+01
-9.53129E+01
-9.73275E+01
-9.53555E+01
-9.67888E+01
-9.63616E+01
-9.53462E+01
-9.53050E+01
-9.60281E+01
-9.52883E+01
-9.57728E+01
-9.85791E+01
-9.94937E+01
-1.00041E+02
-9.99405E+01
-9.55823E+01
-9.94727E+01
-9.52992E+01
-9.88363E+01
-9.81750E+01
-9.54459E+01
-9.75621E+01
-9.53385E+01
-9.70283E+01
-9.53549E+01
-9.65807E+01
-9.53875E+01
-9.62155E+01
-9.53024E+01
-9.59242E+01
-9.52837E+01
-9.56972E+01
-9.75120E+01
-9.81024E+01
-9.85225E+01
-9.85506E+01
-9.55253E+01
-9.52944E+01
-9.83205E+01
-9.79348E+01
-9.74899E+01
-9.54005E+01
-9.70478E+01
-9.53390E+01
-9.66433E+01
-9.53160E+01
-9.62917E+01
-9.53974E+01
-9.59972E+01
-9.52667E+01
-9.57575E+01
-9.52491E+01
-9.55678E+01
-9.66872E+01
-9.70647E+01
-9.73600E+01
-9.74219E+01
-9.54223E+01
-9.52605E+01
-9.73123E+01
-9.70840E+01
-9.67962E+01
-9.53156E+01
-9.53067E+01
-9.64933E+01
-9.62047E+01
-9.52427E+01
-9.59463E+01
-9.53674E+01
-9.52000E+01
-9.57250E+01
-9.55419E+01
-9.51851E+01
-9.53952E+01
-9.59948E+01
-9.62213E+01
-9.64089E+01
-9.51964E+01
-9.64636E+01
-9.52816E+01
-9.64141E+01
-9.62858E+01
-9.61124E+01
-9.51975E+01
-9.52398E+01
-9.59220E+01
-9.57351E+01
-9.51399E+01
-9.55641E+01
-9.52965E+01
-9.51061E+01
-9.54154E+01
-9.52909E+01
-9.50947E+01
-9.51904E+01
-9.53727E+01
-9.54812E+01
-9.51047E+01
-9.55746E+01
-9.51120E+01
-9.56063E+01
-9.55869E+01
-9.55267E+01
-9.50538E+01
-9.54412E+01
-9.51411E+01
-9.53448E+01
-9.52487E+01
-9.50138E+01
-9.51883E+01
-9.51598E+01
-9.49903E+01
-9.50821E+01
-9.50169E+01
-9.49826E+01
-9.49641E+01
-9.47801E+01
-9.49900E+01
-9.47853E+01
-9.47915E+01
-9.49230E+01
-9.47949E+01
-9.47933E+01
-9.47867E+01
-9.48925E+01
-9.47766E+01
-9.50162E+01
-9.47652E+01
-9.48715E+01
-9.47542E+01
-9.50499E+01
-9.47447E+01
-9.48592E+01
-9.47370E+01
-9.47312E+01
-9.48552E+01
-9.47270E+01
-9.48590E+01
-9.41842E+01
-9.40864E+01
-9.40058E+01
-9.47241E+01
-9.39809E+01
-9.39970E+01
-9.40441E+01
-9.47222E+01
-9.48727E+01
-9.41096E+01
-9.41834E+01
-9.47210E+01
-9.42579E+01
-9.48903E+01
-9.43281E+01
-9.47202E+01
-9.43908E+01
-9.44447E+01
-9.47198E+01
-9.44893E+01
-9.47197E+01
-9.35523E+01
-9.33374E+01
-9.45248E+01
-9.31633E+01
-9.31158E+01
-9.31621E+01
-9.32771E+01
-9.47196E+01
-9.45516E+01
-9.34310E+01
-9.35998E+01
-9.45702E+01
-9.37662E+01
-9.47196E+01
-9.39197E+01
-9.45811E+01
-9.40545E+01
-9.41686E+01
-9.45844E+01
-9.42616E+01
-9.45802E+01
-9.28429E+01
-9.43349E+01
-9.24786E+01
-9.21981E+01
-9.21440E+01
-9.22504E+01
-9.24660E+01
-9.45665E+01
-9.43897E+01
-9.27354E+01
-9.30183E+01
-9.44276E+01
-9.32885E+01
-9.45489E+01
-9.35313E+01
-9.44498E+01
-9.37405E+01
-9.44568E+01
-9.39145E+01
-9.40548E+01
-9.44491E+01
-9.41639E+01
-9.19926E+01
-9.14180E+01
-9.10145E+01
-9.09952E+01
-9.12226E+01
-9.44228E+01
-9.42451E+01
-9.15966E+01
-9.20255E+01
-9.24507E+01
-9.43009E+01
-9.43891E+01
-9.28398E+01
-9.31786E+01
-9.43336E+01
-9.34632E+01
-9.43445E+01
-9.36955E+01
-9.38799E+01
-9.43343E+01
-9.40218E+01
-9.08896E+01
-8.99947E+01
-8.94659E+01
-8.95777E+01
-9.00445E+01
-9.42977E+01
-9.41261E+01
-9.06719E+01
-9.13211E+01
-9.19215E+01
-9.41975E+01
-9.42505E+01
-9.24440E+01
-9.28821E+01
-9.42394E+01
-9.32399E+01
-9.42538E+01
-9.35257E+01
-9.37486E+01
-9.42424E+01
-9.39177E+01
-8.92978E+01
-8.78844E+01
-8.72840E+01
-8.77872E+01
-9.41989E+01
-8.87090E+01
-9.40406E+01
-8.97310E+01
-9.06705E+01
-9.14737E+01
-9.41239E+01
-9.41422E+01
-9.21351E+01
-9.26679E+01
-9.41725E+01
-9.30901E+01
-9.41898E+01
-9.34196E+01
-9.36718E+01
-9.41783E+01
-9.38601E+01
-8.67657E+01
-8.44149E+01
-8.41430E+01
-8.55356E+01
-9.41320E+01
-8.73167E+01
-9.39949E+01
-8.88863E+01
-9.01649E+01
-9.40849E+01
-9.40712E+01
-9.11728E+01
-9.19583E+01
-9.41368E+01
-9.25666E+01
-9.30348E+01
-9.41552E+01
-9.33919E+01
-9.36600E+01
-9.41443E+01
-9.38565E+01
-8.39702E+01
-7.77484E+01
-7.88996E+01
-9.40997E+01
-8.31634E+01
-8.61285E+01
-9.39946E+01
-8.83382E+01
-8.99240E+01
-9.40413E+01
-9.40845E+01
-9.10895E+01
-9.19543E+01
-9.41344E+01
-9.26018E+01
-9.30876E+01
-9.41508E+01
-9.34505E+01
-9.37178E+01
-9.41397E+01
-9.39096E+01
-4.51530E+01
-9.41003E+01
-5.89701E+01
-7.43875E+01
-8.17954E+01
-9.40409E+01
-8.58767E+01
-8.84391E+01
-9.01415E+01
-9.40514E+01
-9.41228E+01
-9.13322E+01
-9.21891E+01
-9.41644E+01
-9.28162E+01
-9.32780E+01
-9.41737E+01
-9.36166E+01
-9.41590E+01
-9.38610E+01
-9.40317E+01
-9.41261E+01
0.00000E+00
-4.25350E+01
-7.56581E+01
-8.27590E+01
-9.41435E+01
-8.67107E+01
-8.90998E+01
-9.06692E+01
-9.40928E+01
-9.42072E+01
-9.17580E+01
-9.25373E+01
-9.42316E+01
-9.31037E+01
-9.35168E+01
-9.42246E+01
-9.38158E+01
-9.41963E+01
-9.40275E+01
-9.41710E+01
-9.41612E+01
-9.42594E+01
-9.41410E+01
-9.43024E+01
-9.43073E+01
-9.42806E+01
-9.42316E+01
-9.41816E+01
-9.41612E+01

-8.94740E+01
-6.73199E+01
-6.84417E+01
-6.04309E+01
-4.82090E+01
-5.20700E+01
-5.13279E+01
-5.28392E+01
-5.07266E+01
-4.71197E+01
-4.85874E+01
-4.81476E+01
-4.92026E+01
-4.86387E+01
-4.81767E+01
-4.67570E+01
-4.59857E+01
-4.73055E+01
-4.64239E+01
-4.74872E+01
-4.72768E+01
-4.65381E+01
-4.67016E+01
-4.62834E+01
-4.51441E+01
-4.58130E+01
-4.62471E+01
-4.51619E+01
-4.63710E+01
-4.51685E+01
-4.59450E+01
-4.61086E+01
-4.51508E+01
-4.53576E+01
-4.42849E+01
-4.56880E+01
-4.38839E+01
-4.37824E+01
-4.58399E+01
-4.56484E+01
-4.51214E+01
-4.57208E+01
-4.40039E+01
-4.30879E+01
-4.51945E+01
-4.50968E+01
-4.21053E+01
-4.54328E+01
-4.42870E+01
-4.54428E+01
-4.55628E+01
-4.20958E+01
-4.27596E+01
-4.55047E+01
-4.45387E+01
-4.50818E+01
-4.52190E+01
-4.18511E+01
-4.53717E+01
-4.35033E+01
-4.53237E+01
-3.88420E+01
-4.54610E+01
-3.94716E+01
-4.47176E+01
-4.54186E+01
-4.15543E+01
-4.40642E+01
-4.50744E+01
-4.52751E+01
-4.28988E+01
-4.53441E+01
-2.26357E+01
-4.54283E+01
-2.95502E+01
-4.48236E+01
-4.54948E+01
-4.44330E+01
-3.72942E+01
-4.50714E+01
-4.37889E+01
-4.54519E+01
-4.09552E+01
-4.52959E+01
-4.28595E+01
-4.46399E+01
-4.48671E+01
-4.54260E+01
0.00000E+00
-4.43095E+01
-2.13701E+01
-4.55032E+01
-3.80449E+01
-4.55978E+01
-4.50705E+01
-4.39110E+01
-4.15866E+01
-4.55574E+01
-4.47226E+01
-4.45807E+01
-4.53605E+01
-4.34170E+01
-4.48449E+01
-4.44624E+01
-4.50704E+01
-4.43513E+01
-4.46802E+01
-4.47119E+01
-4.46886E+01
-4.47801E+01
-4.47957E+01
-4.47703E+01
-4.46458E+01
-4.49513E+01
-4.45830E+01
-4.47128E+01
-4.49231E+01
-4.45428E+01
-4.47969E+01
-4.46379E+01
-4.47150E+01

-8.94740E+01
-6.84417E+01
-5.20700E+01
-4.85874E+01
-4.67570E+01
-6.73199E+01
-4.58130E+01
-6.04309E+01
-5.28392E+01
-4.92026E+01
-4.53576E+01
-4.73055E+01
-4.51945E+01
-4.62471E+01
-4.82090E+01
-5.13279E+01
-5.07266E+01
-4.86387E+01
-4.56880E+01
-4.52190E+01
-4.72768E+01
-4.54328E+01
-4.63710E+01
-4.53441E+01
-4.71197E+01
-4.81476E+01
-4.81767E+01
-4.58399E+01
-4.53717E+01
-4.74872E+01
-4.67016E+01
-4.54260E+01
-4.55628E+01
-4.61086E+01
-4.54283E+01
-4.59857E+01
-4.64239E+01
-4.54610E+01
-4.65381E+01
-4.57208E+01
-4.62834E+01
-4.55032E+01
-4.59450E+01
-4.55047E+01
-4.54948E+01
-4.56484E+01
-4.54186E+01
-4.51441E+01
-4.51619E+01
-4.54428E+01
-4.51685E+01
-4.55978E+01
-4.51508E+01
-4.53237E+01
-4.51214E+01
-4.54519E+01
-4.50968E+01
-4.52751E+01
-4.42849E+01
-4.38839E+01
-4.55574E+01
-4.50818E+01
-4.37824E+01
-4.40039E+01
-4.52959E+01
-4.50744E+01
-4.42870E+01
-4.45387E+01
-4.50714E+01
-4.53605E+01
-4.47176E+01
-4.30879E+01
-4.21053E+01
-4.20958E+01
-4.27596E+01
-4.50705E+01
-4.48236E+01
-4.35033E+01
-4.40642E+01
-4.48671E+01
-4.50704E+01
-4.44330E+01
-4.18511E+01
-3.88420E+01
-3.94716E+01
-4.48449E+01
-4.15543E+01
-4.46399E+01
-4.28988E+01
-4.47801E+01
-4.47226E+01
-4.37889E+01
-4.43095E+01
-2.26357E+01
-4.46886E+01
-2.95502E+01
-3.72942E+01
-4.45807E+01
-4.09552E+01
-4.28595E+01
-4.45830E+01
-4.46802E+01
-4.39110E+01
-4.44624E+01
-4.46458E+01
0.00000E+00
-2.13701E+01
-3.80449E+01
-4.47119E+01
-4.15866E+01
-4.45428E+01
-4.34170E+01
-4.47703E+01
-4.43513E+01
-4.47957E+01
-4.47128E+01
-4.49513E+01
-4.46379E+01
-4.49231E+01
-4.47969E+01
-4.47150E+01

-1.85729E+02
-1.43694E+02
-1.11155E+02
-1.04321E+02
-1.00511E+02
-9.82109E+01
-9.66988E+01
-9.56511E+01
-9.49059E+01
-9.43718E+01
-1.40983E+02
-1.27403E+02
-9.39918E+01
-1.12417E+02
-1.05245E+02
-1.01326E+02
-9.37279E+01
-9.88679E+01
-9.72373E+01
-9.35534E+01
-9.60987E+01
-9.52833E+01
-9.34489E+01
-9.46926E+01
-9.34003E+01
-1.02324E+02
-9.42656E+01
-1.08860E+02
-1.07961E+02
-1.03904E+02
-1.01092E+02
-9.39615E+01
-9.89914E+01
-9.33969E+01
-9.74841E+01
-9.37522E+01
-9.63772E+01
-9.34302E+01
-9.55586E+01
-9.36171E+01
-9.49501E+01
-9.34912E+01
-9.35409E+01
-9.44995E+01
-9.98035E+01
-1.02367E+02
-1.02849E+02
-1.01624E+02
-9.99727E+01
-9.41700E+01
-9.35120E+01
-9.85010E+01
-9.35676E+01
-9.72956E+01
-9.39351E+01
-9.63438E+01
-9.35204E+01
-9.56030E+01
-9.36323E+01
-9.37751E+01
-9.50322E+01
-9.35561E+01
-9.36750E+01
-9.45973E+01
-9.74985E+01
-9.36547E+01
-9.90847E+01
-9.98614E+01
-9.94969E+01
-9.86826E+01
-9.42710E+01
-9.36069E+01
-9.36228E+01
-9.77417E+01
-9.68641E+01
-9.40321E+01
-9.61088E+01
-9.36087E+01
-9.36546E+01
-9.54859E+01
-9.38639E+01
-9.49857E+01
-9.36235E+01
-9.37530E+01
-9.36768E+01
-9.45923E+01
-9.61338E+01
-9.71682E+01
-9.78445E+01
-9.78476E+01
-9.36572E+01
-9.42895E+01
-9.74687E+01
-9.36890E+01
-9.69056E+01
-9.63043E+01
-9.40625E+01
-9.36629E+01
-9.57403E+01
-9.37022E+01
-9.52469E+01
-9.38985E+01
-9.36677E+01
-9.48336E+01
-9.37393E+01
-9.37869E+01
-9.44982E+01
-9.52622E+01
-9.59450E+01
-9.64673E+01
-9.36964E+01
-9.65796E+01
-9.37191E+01
-9.42335E+01
-9.64219E+01
-9.60965E+01
-9.57011E+01
-9.40309E+01
-9.36879E+01
-9.37495E+01
-9.52996E+01
-9.38815E+01
-9.49287E+01
-9.36884E+01
-9.46054E+01
-9.38064E+01
-9.37777E+01
-9.43354E+01
-9.46423E+01
-9.50870E+01
-9.37160E+01
-9.54584E+01
-9.37129E+01
-9.55841E+01
-9.41175E+01
-9.55299E+01
-9.53476E+01
-9.39476E+01
-9.50975E+01
-9.36818E+01
-9.37761E+01
-9.48254E+01
-9.38204E+01
-9.45621E+01
-9.36812E+01
-9.38462E+01
-9.43249E+01
-9.37306E+01
-9.41218E+01
-9.37084E+01
-9.41593E+01
-9.44298E+01
-9.46682E+01
-9.36738E+01
-9.47664E+01
-9.39549E+01
-9.47547E+01
-9.46577E+01
-9.38229E+01
-9.37710E+01
-9.36461E+01
-9.45094E+01
-9.43390E+01
-9.37230E+01
-9.41682E+01
-9.36458E+01
-9.38456E+01
-9.40105E+01
-9.36517E+01
-9.38732E+01
-9.36712E+01
-9.37483E+01
-9.38789E+01
-9.36062E+01
-9.39987E+01
-9.37589E+01
-9.40537E+01
-9.40544E+01
-9.40102E+01
-9.37303E+01
-9.36676E+01
-9.35840E+01
-9.39369E+01
-9.38495E+01
-9.35980E+01
-9.37598E+01
-9.35841E+01
-9.38011E+01
-9.36760E+01
-9.35481E+01
-9.36024E+01
-9.36057E+01
-9.35161E+01
-9.33664E+01
-9.33727E+01
-9.33814E+01
-9.35409E+01
-9.33878E+01
-9.33886E+01
-9.36556E+01
-9.33829E+01
-9.35004E+01
-9.34917E+01
-9.33719E+01
-9.33582E+01
-9.34543E+01
-9.35006E+01
-9.37154E+01
-9.33440E+01
-9.33310E+01
-9.34274E+01
-9.35163E+01
-9.33201E+01
-9.34101E+01
-9.29797E+01
-9.28619E+01
-9.27599E+01
-9.33116E+01
-9.27178E+01
-9.35523E+01
-9.27188E+01
-9.34016E+01
-9.27516E+01
-9.33053E+01
-9.28032E+01
-9.28636E+01
-9.33009E+01
-9.35953E+01
-9.34015E+01
-9.29254E+01
-9.32979E+01
-9.29838E+01
-9.34096E+01
-9.30362E+01
-9.32960E+01
-9.25542E+01
-9.22976E+01
-9.30812E+01
-9.20776E+01
-9.19928E+01
-9.34284E+01
-9.20065E+01
-9.32949E+01
-9.31181E+01
-9.20926E+01
-9.22200E+01
-9.23646E+01
-9.34509E+01
-9.31469E+01
-9.32943E+01
-9.25092E+01
-9.31680E+01
-9.26432E+01
-9.32940E+01
-9.27609E+01
-9.31816E+01
-9.20468E+01
-9.28600E+01
-9.16177E+01
-9.12660E+01
-9.32939E+01
-9.11546E+01
-9.12113E+01
-9.31880E+01
-9.29400E+01
-9.13836E+01
-9.16148E+01
-9.32939E+01
-9.30018E+01
-9.18636E+01
-9.31869E+01
-9.21035E+01
-9.30464E+01
-9.23199E+01
-9.31783E+01
-9.25057E+01
-9.30751E+01
-9.26593E+01
-9.31593E+01
-9.13919E+01
-9.07272E+01
-9.02263E+01
-9.01299E+01
-9.30888E+01
-9.02913E+01
-9.27816E+01
-9.06088E+01
-9.09884E+01
-9.31368E+01
-9.30875E+01
-9.28747E+01
-9.13707E+01
-9.17225E+01
-9.29414E+01
-9.30714E+01
-9.20286E+01
-9.22846E+01
-9.29841E+01
-9.30353E+01
-9.24917E+01
-9.04739E+01
-8.94613E+01
-8.88085E+01
-9.30046E+01
-8.88243E+01
-8.92098E+01
-9.26536E+01
-8.97686E+01
-9.29922E+01
-9.03591E+01
-9.30037E+01
-9.27752E+01
-9.09094E+01
-9.13888E+01
-9.28612E+01
-9.29818E+01
-9.17896E+01
-9.29158E+01
-9.21145E+01
-9.29317E+01
-9.23709E+01
-8.90506E+01
-8.74899E+01
-9.29421E+01
-8.67401E+01
-8.71300E+01
-8.79564E+01
-9.25674E+01
-8.88995E+01
-9.28719E+01
-8.97733E+01
-9.29418E+01
-9.27124E+01
-9.05216E+01
-9.11364E+01
-9.28132E+01
-9.29161E+01
-9.16286E+01
-9.28762E+01
-9.20148E+01
-9.28569E+01
-9.23117E+01
-9.29062E+01
-8.66653E+01
-8.41347E+01
-8.36913E+01
-8.49537E+01
-9.25340E+01
-8.66268E+01
-9.27860E+01
-8.81107E+01
-9.29063E+01
-8.93207E+01
-9.26945E+01
-9.02724E+01
-9.10103E+01
-9.28037E+01
-9.28789E+01
-9.15768E+01
-9.28699E+01
-9.20071E+01
-9.28162E+01
-9.23290E+01
-9.29002E+01
-8.39956E+01
-7.75577E+01
-7.85143E+01
-8.26269E+01
-9.27415E+01
-9.25640E+01
-8.54758E+01
-8.76001E+01
-9.28993E+01
-8.91202E+01
-9.27293E+01
-9.02326E+01
-9.10518E+01
-9.28715E+01
-9.28379E+01
-9.16581E+01
-9.29004E+01
-9.21052E+01
-9.28113E+01
-9.24308E+01
-9.29255E+01
-4.52332E+01
-5.88350E+01
-7.40065E+01
-9.27412E+01
-8.12541E+01
-9.26620E+01
-8.52299E+01
-9.29202E+01
-8.77200E+01
-9.28189E+01
-8.93682E+01
-9.05142E+01
-9.28913E+01
-9.29167E+01
-9.13308E+01
-9.19191E+01
-9.29671E+01
-9.28382E+01
-9.23421E+01
-9.26415E+01
-9.29801E+01
0.00000E+00
-4.23727E+01
-9.27814E+01
-7.52430E+01
-9.28466E+01
-8.21872E+01
-8.60525E+01
-9.29647E+01
-8.83871E+01
-9.29781E+01
-8.99162E+01
-9.09699E+01
-9.29307E+01
-9.30514E+01
-9.17146E+01
-9.22447E+01
-9.30783E+01
-9.28857E+01
-9.26191E+01
-9.30687E+01
-9.28772E+01
-9.28486E+01
-9.30466E+01
-9.30322E+01
-9.31468E+01
-9.29810E+01
-9.31922E+01
-9.31933E+01
-9.29333E+01
-9.31587E+01
-9.29112E+01
-9.30969E+01
-9.30202E+01
-9.29555E+01
-9.29332E+01

-1.85729E+02
-1.43694E+02
-1.11155E+02
-1.04321E+02
-1.00511E+02
-9.82109E+01
-9.66988E+01
-9.56511E+01
-9.49059E+01
-9.43718E+01
-9.39918E+01
-9.37279E+01
-9.35534E+01
-1.40983E+02
-1.27403E+02
-1.12417E+02
-1.05245E+02
-1.01326E+02
-9.34489E+01
-9.88679E+01
-9.72373E+01
-9.60987E+01
-9.34003E+01
-9.52833E+01
-9.33969E+01
-9.46926E+01
-9.42656E+01
-9.34302E+01
-9.39615E+01
-9.37522E+01
-9.34912E+01
-1.02324E+02
-1.08860E+02
-1.07961E+02
-1.03904E+02
-1.01092E+02
-9.36171E+01
-9.89914E+01
-9.35676E+01
-9.74841E+01
-9.35409E+01
-9.63772E+01
-9.55586E+01
-9.36323E+01
-9.35120E+01
-9.49501E+01
-9.44995E+01
-9.36547E+01
-9.35204E+01
-9.41700E+01
-9.35561E+01
-9.39351E+01
-9.98035E+01
-1.02367E+02
-1.02849E+02
-1.01624E+02
-9.99727E+01
-9.37751E+01
-9.85010E+01
-9.36069E+01
-9.72956E+01
-9.36750E+01
-9.63438E+01
-9.56030E+01
-9.36546E+01
-9.36228E+01
-9.50322E+01
-9.45973E+01
-9.36768E+01
-9.36087E+01
-9.42710E+01
-9.36235E+01
-9.40321E+01
-9.74985E+01
-9.90847E+01
-9.98614E+01
-9.94969E+01
-9.86826E+01
-9.38639E+01
-9.36572E+01
-9.77417E+01
-9.68641E+01
-9.37530E+01
-9.61088E+01
-9.37022E+01
-9.54859E+01
-9.36890E+01
-9.49857E+01
-9.45923E+01
-9.37393E+01
-9.36629E+01
-9.42895E+01
-9.36677E+01
-9.40625E+01
-9.61338E+01
-9.71682E+01
-9.78445E+01
-9.78476E+01
-9.38985E+01
-9.74687E+01
-9.36964E+01
-9.69056E+01
-9.63043E+01
-9.37869E+01
-9.57403E+01
-9.37495E+01
-9.52469E+01
-9.37191E+01
-9.48336E+01
-9.38064E+01
-9.44982E+01
-9.36879E+01
-9.42335E+01
-9.36884E+01
-9.40309E+01
-9.52622E+01
-9.59450E+01
-9.64673E+01
-9.65796E+01
-9.38815E+01
-9.37160E+01
-9.64219E+01
-9.60965E+01
-9.57011E+01
-9.37777E+01
-9.52996E+01
-9.37761E+01
-9.49287E+01
-9.37129E+01
-9.46054E+01
-9.38462E+01
-9.43354E+01
-9.36818E+01
-9.41175E+01
-9.36812E+01
-9.39476E+01
-9.46423E+01
-9.50870E+01
-9.54584E+01
-9.55841E+01
-9.38204E+01
-9.37084E+01
-9.55299E+01
-9.53476E+01
-9.50975E+01
-9.37306E+01
-9.37710E+01
-9.48254E+01
-9.45621E+01
-9.36738E+01
-9.43249E+01
-9.38456E+01
-9.36461E+01
-9.41218E+01
-9.39549E+01
-9.36458E+01
-9.38229E+01
-9.41593E+01
-9.44298E+01
-9.46682E+01
-9.36712E+01
-9.47664E+01
-9.37230E+01
-9.47547E+01
-9.46577E+01
-9.45094E+01
-9.36517E+01
-9.37303E+01
-9.43390E+01
-9.41682E+01
-9.36062E+01
-9.40105E+01
-9.38011E+01
-9.35840E+01
-9.38732E+01
-9.37589E+01
-9.35841E+01
-9.36676E+01
-9.37483E+01
-9.38789E+01
-9.36057E+01
-9.39987E+01
-9.35980E+01
-9.40537E+01
-9.40544E+01
-9.40102E+01
-9.35481E+01
-9.39369E+01
-9.36556E+01
-9.38495E+01
-9.37598E+01
-9.35161E+01
-9.37154E+01
-9.36760E+01
-9.35004E+01
-9.36024E+01
-9.35409E+01
-9.35006E+01
-9.34917E+01
-9.33664E+01
-9.35163E+01
-9.33727E+01
-9.33814E+01
-9.34543E+01
-9.33878E+01
-9.33886E+01
-9.33829E+01
-9.34274E+01
-9.33719E+01
-9.35523E+01
-9.33582E+01
-9.34101E+01
-9.33440E+01
-9.35953E+01
-9.33310E+01
-9.34016E+01
-9.33201E+01
-9.33116E+01
-9.34015E+01
-9.33053E+01
-9.34096E+01
-9.29797E+01
-9.28619E+01
-9.27599E+01
-9.33009E+01
-9.27178E+01
-9.27188E+01
-9.27516E+01
-9.32979E+01
-9.34284E+01
-9.28032E+01
-9.28636E+01
-9.32960E+01
-9.29254E+01
-9.34509E+01
-9.29838E+01
-9.32949E+01
-9.30362E+01
-9.30812E+01
-9.32943E+01
-9.31181E+01
-9.32940E+01
-9.25542E+01
-9.22976E+01
-9.31469E+01
-9.20776E+01
-9.19928E+01
-9.20065E+01
-9.20926E+01
-9.32939E+01
-9.31680E+01
-9.22200E+01
-9.23646E+01
-9.31816E+01
-9.25092E+01
-9.32939E+01
-9.26432E+01
-9.31880E+01
-9.27609E+01
-9.28600E+01
-9.31869E+01
-9.29400E+01
-9.31783E+01
-9.20468E+01
-9.30018E+01
-9.16177E+01
-9.12660E+01
-9.11546E+01
-9.12113E+01
-9.13836E+01
-9.31593E+01
-9.30464E+01
-9.16148E+01
-9.18636E+01
-9.30751E+01
-9.21035E+01
-9.31368E+01
-9.23199E+01
-9.30888E+01
-9.25057E+01
-9.30875E+01
-9.26593E+01
-9.27816E+01
-9.30714E+01
-9.28747E+01
-9.13919E+01
-9.07272E+01
-9.02263E+01
-9.01299E+01
-9.02913E+01
-9.30353E+01
-9.29414E+01
-9.06088E+01
-9.09884E+01
-9.13707E+01
-9.29841E+01
-9.29922E+01
-9.17225E+01
-9.20286E+01
-9.30046E+01
-9.22846E+01
-9.30037E+01
-9.24917E+01
-9.26536E+01
-9.29818E+01
-9.27752E+01
-9.04739E+01
-8.94613E+01
-8.88085E+01
-8.88243E+01
-8.92098E+01
-9.29317E+01
-9.28612E+01
-8.97686E+01
-9.03591E+01
-9.09094E+01
-9.29158E+01
-9.28719E+01
-9.13888E+01
-9.17896E+01
-9.29421E+01
-9.21145E+01
-9.29418E+01
-9.23709E+01
-9.25674E+01
-9.29161E+01
-9.27124E+01
-8.90506E+01
-8.74899E+01
-8.67401E+01
-8.71300E+01
-9.28569E+01
-8.79564E+01
-9.28132E+01
-8.88995E+01
-8.97733E+01
-9.05216E+01
-9.28762E+01
-9.27860E+01
-9.11364E+01
-9.16286E+01
-9.29062E+01
-9.20148E+01
-9.29063E+01
-9.23117E+01
-9.25340E+01
-9.28789E+01
-9.26945E+01
-8.66653E+01
-8.41347E+01
-8.36913E+01
-8.49537E+01
-9.28162E+01
-8.66268E+01
-9.28037E+01
-8.81107E+01
-8.93207E+01
-9.28699E+01
-9.27415E+01
-9.02724E+01
-9.10103E+01
-9.29002E+01
-9.15768E+01
-9.20071E+01
-9.28993E+01
-9.23290E+01
-9.25640E+01
-9.28715E+01
-9.27293E+01
-8.39956E+01
-7.75577E+01
-7.85143E+01
-9.28113E+01
-8.26269E+01
-8.54758E+01
-9.28379E+01
-8.76001E+01
-8.91202E+01
-9.27412E+01
-9.29004E+01
-9.02326E+01
-9.10518E+01
-9.29255E+01
-9.16581E+01
-9.21052E+01
-9.29202E+01
-9.24308E+01
-9.26620E+01
-9.28913E+01
-9.28189E+01
-4.52332E+01
-9.28382E+01
-5.88350E+01
-7.40065E+01
-8.12541E+01
-9.29167E+01
-8.52299E+01
-8.77200E+01
-8.93682E+01
-9.27814E+01
-9.29671E+01
-9.05142E+01
-9.13308E+01
-9.29801E+01
-9.19191E+01
-9.23421E+01
-9.29647E+01
-9.26415E+01
-9.29307E+01
-9.28466E+01
-9.29781E+01
-9.28857E+01
0.00000E+00
-4.23727E+01
-7.52430E+01
-8.21872E+01
-9.30514E+01
-8.60525E+01
-8.83871E+01
-8.99162E+01
-9.28486E+01
-9.30783E+01
-9.09699E+01
-9.17146E+01
-9.30687E+01
-9.22447E+01
-9.26191E+01
-9.30322E+01
-9.28772E+01
-9.29810E+01
-9.30466E+01
-9.31468E+01
-9.29333E+01
-9.31922E+01
-9.29112E+01
-9.31933E+01
-9.31587E+01
-9.30969E+01
-9.30202E+01
-9.29555E+01
-9.29332E+01

