    3     4     2     1 
    6     8     4     3 
   11    13     8     6 
   16    18    13    11 
   26    27    18    16 
   34    36    27    26 
   45    48    36    34 
   57    59    48    45 
   72    74    59    57 
   88    92    74    72 
    4     7     5     2 
    8     9     7     4 
   13    14     9     8 
   18    21    14    13 
   27    29    21    18 
   36    39    29    27 
   48    51    39    36 
   59    63    51    48 
   74    77    63    59 
   92    94    77    74 
    7    12    10     5 
    9    15    12     7 
   14    20    15     9 
   21    23    20    14 
   29    32    23    21 
   39    42    32    29 
   51    54    42    39 
   63    66    54    51 
   77    82    66    63 
   94    98    82    77 
   12    19    17    10 
   15    22    19    12 
   20    24    22    15 
   23    31    24    20 
   32    40    31    23 
   42    50    40    32 
   54    61    50    42 
   66    70    61    54 
   82    84    70    66 
   98   101    84    82 
   19    28    25    17 
   22    30    28    19 
   24    33    30    22 
   31    41    33    24 
   40    46    41    31 
   50    56    46    40 
   61    69    56    50 
   70    80    69    61 
   84    95    80    70 
  101   105    95    84 
   28    37    35    25 
   30    38    37    28 
   33    43    38    30 
   41    49    43    33 
   46    55    49    41 
   56    65    55    46 
   69    76    65    56 
   80    87    76    69 
   95   103    87    80 
  105   110   103    95 
   37    47    44    35 
   38    52    47    37 
   43    53    52    38 
   49    60    53    43 
   55    68    60    49 
   65    78    68    55 
   76    86    78    65 
   87    99    86    76 
  103   109    99    87 
  110   118   109   103 
   47    62    58    44 
   52    64    62    47 
   53    67    64    52 
   60    71    67    53 
   68    81    71    60 
   78    90    81    68 
   86   100    90    78 
   99   107   100    86 
  109   115   107    99 
  118   123   115   109 
   62    75    73    58 
   64    79    75    62 
   67    83    79    64 
   71    85    83    67 
   81    96    85    71 
   90   104    96    81 
  100   108   104    90 
  107   113   108   100 
  115   121   113   107 
  123   131   121   115 
   75    91    89    73 
   79    93    91    75 
   83    97    93    79 
   85   102    97    83 
   96   106   102    85 
  104   111   106    96 
  108   117   111   104 
  113   122   117   108 
  121   130   122   113 
  131   138   130   121 

  114   126   124   112 
  116   127   126   114 
  119   128   127   116 
  120   132   128   119 
  125   134   132   120 
  129   140   134   125 
  133   143   140   129 
  141   150   143   133 
  145   156   150   141 
  153   163   156   145 
  126   136   135   124 
  127   137   136   126 
  128   139   137   127 
  132   142   139   128 
  134   144   142   132 
  140   149   144   134 
  143   154   149   140 
  150   159   154   143 
  156   166   159   150 
  163   173   166   156 
  136   147   146   135 
  137   148   147   136 
  139   151   148   137 
  142   152   151   139 
  144   155   152   142 
  149   161   155   144 
  154   165   161   149 
  159   168   165   154 
  166   177   168   159 
  173   182   177   166 
  147   158   157   146 
  148   160   158   147 
  151   162   160   148 
  152   164   162   151 
  155   167   164   152 
  161   171   167   155 
  165   175   171   161 
  168   179   175   165 
  177   186   179   168 
  182   191   186   177 
  158   170   169   157 
  160   172   170   158 
  162   174   172   160 
  164   176   174   162 
  167   178   176   164 
  171   183   178   167 
  175   187   183   171 
  179   190   187   175 
  186   197   190   179 
  191   202   197   186 
  170   181   180   169 
  172   184   181   170 
  174   185   184   172 
  176   188   185   174 
  178   189   188   176 
  183   192   189   178 
  187   198   192   183 
  190   201   198   187 
  197   207   201   190 
  202   211   207   197 
  181   194   193   180 
  184   195   194   181 
  185   196   195   184 
  188   199   196   185 
  189   200   199   188 
  192   203   200   189 
  198   209   203   192 
  201   212   209   198 
  207   216   212   201 
  211   222   216   207 
  194   205   204   193 
  195   206   205   194 
  196   208   206   195 
  199   210   208   196 
  200   213   210   199 
  203   214   213   200 
  209   219   214   203 
  212   223   219   209 
  216   226   223   212 
  222   232   226   216 
  205   217   215   204 
  206   218   217   205 
  208   220   218   206 
  210   221   220   208 
  213   224   221   210 
  214   225   224   213 
  219   230   225   214 
  223   234   230   219 
  226   237   234   223 
  232   239   237   226 
  217   228   227   215 
  218   229   228   217 
  220   231   229   218 
  221   233   231   220 
  224   235   233   221 
  225   236   235   224 
  230   238   236   225 
  234   240   238   230 
  237   241   240   234 
  239   248   241   237 

  243   254   253   242 
  244   256   254   243 
  245   257   256   244 
  246   258   257   245 
  247   260   258   246 
  249   261   260   247 
  250   263   261   249 
  251   264   263   250 
  252   266   264   251 
  255   269   266   252 
  259   274   269   255 
  262   278   274   259 
  265   282   278   262 
  267   285   282   265 
  276   293   285   267 
  280   299   293   276 
  284   304   299   280 
  295   314   304   284 
  301   321   314   295 
  308   327   321   301 
  254   270   268   253 
  256   271   270   254 
  257   272   271   256 
  258   273   272   257 
  260   275   273   258 
  261   277   275   260 
  263   279   277   261 
  264   281   279   263 
  266   283   281   264 
  269   286   283   266 
  274   292   286   269 
  278   297   292   274 
  282   302   297   278 
  285   305   302   282 
  293   315   305   285 
  299   320   315   293 
  304   325   320   299 
  314   333   325   304 
  321   342   333   314 
  327   347   342   321 
  270   288   287   268 
  271   289   288   270 
  272   290   289   271 
  273   291   290   272 
  275   294   291   273 
  277   296   294   275 
  279   298   296   277 
  281   300   298   279 
  283   303   300   281 
  286   306   303   283 
  292   313   306   286 
  297   318   313   292 
  302   323   318   297 
  305   326   323   302 
  315   336   326   305 
  320   340   336   315 
  325   345   340   320 
  333   353   345   325 
  342   362   353   333 
  347   368   362   342 
  288   309   307   287 
  289   310   309   288 
  290   311   310   289 
  291   312   311   290 
  294   316   312   291 
  296   317   316   294 
  298   319   317   296 
  300   322   319   298 
  303   324   322   300 
  306   328   324   303 
  313   334   328   306 
  318   339   334   313 
  323   344   339   318 
  326   348   344   323 
  336   355   348   326 
  340   361   355   336 
  345   366   361   340 
  353   373   366   345 
  362   383   373   353 
  368   388   383   362 
  309   330   329   307 
  310   331   330   309 
  311   332   331   310 
  312   335   332   311 
  316   337   335   312 
  317   338   337   316 
  319   341   338   317 
  322   343   341   319 
  324   346   343   322 
  328   349   346   324 
  334   356   349   328 
  339   360   356   334 
  344   364   360   339 
  348   369   364   344 
  355   375   369   348 
  361   382   375   355 
  366   387   382   361 
  373   392   387   366 
  383   402   392   373 
  388   409   402   383 
  330   351   350   329 
  331   352   351   330 
  332   354   352   331 
  335   357   354   332 
  337   358   357   335 
  338   359   358   337 
  341   363   359   338 
  343   365   363   341 
  346   367   365   343 
  349   370   367   346 
  356   377   370   349 
  360   380   377   356 
  364   385   380   360 
  369   390   385   364 
  375   396   390   369 
  382   403   396   375 
  387   408   403   382 
  392   413   408   387 
  402   422   413   392 
  409   430   422   402 
  351   372   371   350 
  352   374   372   351 
  354   376   374   352 
  357   378   376   354 
  358   379   378   357 
  359   381   379   358 
  363   384   381   359 
  365   386   384   363 
  367   389   386   365 
  370   391   389   367 
  377   398   391   370 
  380   401   398   377 
  385   406   401   380 
  390   411   406   385 
  396   416   411   390 
  403   424   416   396 
  408   429   424   403 
  413   434   429   408 
  422   442   434   413 
  430   450   442   422 
  372   394   393   371 
  374   395   394   372 
  376   397   395   374 
  378   399   397   376 
  379   400   399   378 
  381   404   400   379 
  384   405   404   381 
  386   407   405   384 
  389   410   407   386 
  391   412   410   389 
  398   418   412   391 
  401   423   418   398 
  406   427   423   401 
  411   432   427   406 
  416   435   432   411 
  424   444   435   416 
  429   449   444   424 
  434   454   449   429 
  442   462   454   434 
  450   470   462   442 
  394   415   414   393 
  395   417   415   394 
  397   419   417   395 
  399   420   419   397 
  400   421   420   399 
  404   425   421   400 
  405   426   425   404 
  407   428   426   405 
  410   431   428   407 
  412   433   431   410 
  418   439   433   412 
  423   445   439   418 
  427   448   445   423 
  432   453   448   427 
  435   456   453   432 
  444   464   456   435 
  449   471   464   444 
  454   475   471   449 
  462   483   475   454 
  470   490   483   462 
  415   437   436   414 
  417   438   437   415 
  419   440   438   417 
  420   441   440   419 
  421   443   441   420 
  425   446   443   421 
  426   447   446   425 
  428   451   447   426 
  431   452   451   428 
  433   455   452   431 
  439   460   455   433 
  445   466   460   439 
  448   469   466   445 
  453   473   469   448 
  456   477   473   453 
  464   485   477   456 
  471   492   485   464 
  475   496   492   471 
  483   503   496   475 
  490   510   503   483 
  437   458   457   436 
  438   459   458   437 
  440   461   459   438 
  441   463   461   440 
  443   465   463   441 
  446   467   465   443 
  447   468   467   446 
  451   472   468   447 
  452   474   472   451 
  455   476   474   452 
  460   480   476   455 
  466   486   480   460 
  469   491   486   466 
  473   494   491   469 
  477   498   494   473 
  485   506   498   477 
  492   513   506   485 
  496   517   513   492 
  503   521   517   496 
  510   531   521   503 
  458   479   478   457 
  459   481   479   458 
  461   482   481   459 
  463   484   482   461 
  465   487   484   463 
  467   488   487   465 
  468   489   488   467 
  472   493   489   468 
  474   495   493   472 
  476   497   495   474 
  480   500   497   476 
  486   507   500   480 
  491   511   507   486 
  494   515   511   491 
  498   519   515   494 
  506   526   519   498 
  513   532   526   506 
  517   537   532   513 
  521   541   537   517 
  531   551   541   521 
  479   501   499   478 
  481   502   501   479 
  482   504   502   481 
  484   505   504   482 
  487   508   505   484 
  488   509   508   487 
  489   512   509   488 
  493   514   512   489 
  495   516   514   493 
  497   518   516   495 
  500   520   518   497 
  507   528   520   500 
  511   533   528   507 
  515   536   533   511 
  519   540   536   515 
  526   546   540   519 
  532   553   546   526 
  537   558   553   532 
  541   562   558   537 
  551   572   562   541 
  501   523   522   499 
  502   524   523   501 
  504   525   524   502 
  505   527   525   504 
  508   529   527   505 
  509   530   529   508 
  512   534   530   509 
  514   535   534   512 
  516   538   535   514 
  518   539   538   516 
  520   542   539   518 
  528   549   542   520 
  533   554   549   528 
  536   557   554   533 
  540   560   557   536 
  546   566   560   540 
  553   574   566   546 
  558   579   574   553 
  562   583   579   558 
  572   592   583   562 
  523   544   543   522 
  524   545   544   523 
  525   547   545   524 
  527   548   547   525 
  529   550   548   527 
  530   552   550   529 
  534   555   552   530 
  535   556   555   534 
  538   559   556   535 
  539   561   559   538 
  542   563   561   539 
  549   570   563   542 
  554   575   570   549 
  557   578   575   554 
  560   581   578   557 
  566   585   581   560 
  574   594   585   566 
  579   600   594   574 
  583   604   600   579 
  592   611   604   583 
  544   565   564   543 
  545   567   565   544 
  547   568   567   545 
  548   569   568   547 
  550   571   569   548 
  552   573   571   550 
  555   576   573   552 
  556   577   576   555 
  559   580   577   556 
  561   582   580   559 
  563   584   582   561 
  570   590   584   563 
  575   596   590   570 
  578   599   596   575 
  581   602   599   578 
  585   606   602   581 
  594   615   606   585 
  600   620   615   594 
  604   625   620   600 
  611   631   625   604 
  565   587   586   564 
  567   588   587   565 
  568   589   588   567 
  569   591   589   568 
  571   593   591   569 
  573   595   593   571 
  576   597   595   573 
  577   598   597   576 
  580   601   598   577 
  582   603   601   580 
  584   605   603   582 
  590   612   605   584 
  596   617   612   590 
  599   621   617   596 
  602   623   621   599 
  606   627   623   602 
  615   635   627   606 
  620   640   635   615 
  625   645   640   620 
  631   651   645   625 
  587   608   607   586 
  588   609   608   587 
  589   610   609   588 
  591   613   610   589 
  593   614   613   591 
  595   616   614   593 
  597   618   616   595 
  598   619   618   597 
  601   622   619   598 
  603   624   622   601 
  605   626   624   603 
  612   633   626   605 
  617   637   633   612 
  621   641   637   617 
  623   644   641   621 
  627   648   644   623 
  635   656   648   627 
  640   661   656   635 
  645   666   661   640 
  651   670   666   645 
  608   629   628   607 
  609   630   629   608 
  610   632   630   609 
  613   634   632   610 
  614   636   634   613 
  616   638   636   614 
  618   639   638   616 
  619   642   639   618 
  622   643   642   619 
  624   646   643   622 
  626   647   646   624 
  633   653   647   626 
  637   658   653   633 
  641   662   658   637 
  644   665   662   641 
  648   668   665   644 
  656   672   668   648 
  661   674   672   656 
  666   677   674   661 
  670   679   677   666 
  629   650   649   628 
  630   652   650   629 
  632   654   652   630 
  634   655   654   632 
  636   657   655   634 
  638   659   657   636 
  639   660   659   638 
  642   663   660   639 
  643   664   663   642 
  646   667   664   643 
  647   669   667   646 
  653   671   669   647 
  658   673   671   653 
  662   675   673   658 
  665   676   675   662 
  668   678   676   665 
  672   680   678   668 
  674   681   680   672 
  677   682   681   674 
  679   683   682   677 

  685   698   697   684 
  686   699   698   685 
  687   700   699   686 
  688   701   700   687 
  689   703   701   688 
  690   704   703   689 
  691   705   704   690 
  692   707   705   691 
  693   709   707   692 
  694   710   709   693 
  695   712   710   694 
  696   713   712   695 
  702   720   713   696 
  706   724   720   702 
  708   728   724   706 
  711   732   728   708 
  714   734   732   711 
  722   743   734   714 
  727   748   743   722 
  731   752   748   727 
  698   716   715   697 
  699   717   716   698 
  700   718   717   699 
  701   719   718   700 
  703   721   719   701 
  704   723   721   703 
  705   725   723   704 
  707   726   725   705 
  709   729   726   707 
  710   730   729   709 
  712   733   730   710 
  713   735   733   712 
  720   741   735   713 
  724   745   741   720 
  728   749   745   724 
  732   753   749   728 
  734   755   753   732 
  743   763   755   734 
  748   768   763   743 
  752   773   768   748 
  716   737   736   715 
  717   738   737   716 
  718   739   738   717 
  719   740   739   718 
  721   742   740   719 
  723   744   742   721 
  725   746   744   723 
  726   747   746   725 
  729   750   747   726 
  730   751   750   729 
  733   754   751   730 
  735   756   754   733 
  741   762   756   735 
  745   766   762   741 
  749   770   766   745 
  753   774   770   749 
  755   776   774   753 
  763   784   776   755 
  768   789   784   763 
  773   793   789   768 
  737   758   757   736 
  738   759   758   737 
  739   760   759   738 
  740   761   760   739 
  742   764   761   740 
  744   765   764   742 
  746   767   765   744 
  747   769   767   746 
  750   771   769   747 
  751   772   771   750 
  754   775   772   751 
  756   777   775   754 
  762   782   777   756 
  766   787   782   762 
  770   791   787   766 
  774   795   791   770 
  776   797   795   774 
  784   804   797   776 
  789   810   804   784 
  793   814   810   789 
  758   779   778   757 
  759   780   779   758 
  760   781   780   759 
  761   783   781   760 
  764   785   783   761 
  765   786   785   764 
  767   788   786   765 
  769   790   788   767 
  771   792   790   769 
  772   794   792   771 
  775   796   794   772 
  777   798   796   775 
  782   803   798   777 
  787   808   803   782 
  791   812   808   787 
  795   816   812   791 
  797   818   816   795 
  804   825   818   797 
  810   830   825   804 
  814   835   830   810 
  779   800   799   778 
  780   801   800   779 
  781   802   801   780 
  783   805   802   781 
  785   806   805   783 
  786   807   806   785 
  788   809   807   786 
  790   811   809   788 
  792   813   811   790 
  794   815   813   792 
  796   817   815   794 
  798   819   817   796 
  803   824   819   798 
  808   829   824   803 
  812   833   829   808 
  816   836   833   812 
  818   839   836   816 
  825   844   839   818 
  830   851   844   825 
  835   856   851   830 
  800   821   820   799 
  801   822   821   800 
  802   823   822   801 
  805   826   823   802 
  806   827   826   805 
  807   828   827   806 
  809   831   828   807 
  811   832   831   809 
  813   834   832   811 
  815   837   834   813 
  817   838   837   815 
  819   840   838   817 
  824   846   840   819 
  829   850   846   824 
  833   854   850   829 
  836   857   854   833 
  839   860   857   836 
  844   864   860   839 
  851   872   864   844 
  856   876   872   851 
  821   842   841   820 
  822   843   842   821 
  823   845   843   822 
  826   847   845   823 
  827   848   847   826 
  828   849   848   827 
  831   852   849   828 
  832   853   852   831 
  834   855   853   832 
  837   858   855   834 
  838   859   858   837 
  840   861   859   838 
  846   866   861   840 
  850   870   866   846 
  854   875   870   850 
  857   878   875   854 
  860   881   878   857 
  864   884   881   860 
  872   893   884   864 
  876   897   893   872 
  842   863   862   841 
  843   865   863   842 
  845   867   865   843 
  847   868   867   845 
  848   869   868   847 
  849   871   869   848 
  852   873   871   849 
  853   874   873   852 
  855   877   874   853 
  858   879   877   855 
  859   880   879   858 
  861   882   880   859 
  866   887   882   861 
  870   891   887   866 
  875   895   891   870 
  878   899   895   875 
  881   902   899   878 
  884   904   902   881 
  893   913   904   884 
  897   918   913   893 
  863   885   883   862 
  865   886   885   863 
  867   888   886   865 
  868   889   888   867 
  869   890   889   868 
  871   892   890   869 
  873   894   892   871 
  874   896   894   873 
  877   898   896   874 
  879   900   898   877 
  880   901   900   879 
  882   903   901   880 
  887   908   903   882 
  891   912   908   887 
  895   916   912   891 
  899   920   916   895 
  902   923   920   899 
  904   925   923   902 
  913   933   925   904 
  918   939   933   913 
  885   906   905   883 
  886   907   906   885 
  888   909   907   886 
  889   910   909   888 
  890   911   910   889 
  892   914   911   890 
  894   915   914   892 
  896   917   915   894 
  898   919   917   896 
  900   921   919   898 
  901   922   921   900 
  903   924   922   901 
  908   928   924   903 
  912   934   928   908 
  916   937   934   912 
  920   941   937   916 
  923   944   941   920 
  925   946   944   923 
  933   954   946   925 
  939   960   954   933 
  906   927   926   905 
  907   929   927   906 
  909   930   929   907 
  910   931   930   909 
  911   932   931   910 
  914   935   932   911 
  915   936   935   914 
  917   938   936   915 
  919   940   938   917 
  921   942   940   919 
  922   943   942   921 
  924   945   943   922 
  928   948   945   924 
  934   955   948   928 
  937   958   955   934 
  941   962   958   937 
  944   964   962   941 
  946   967   964   944 
  954   974   967   946 
  960   980   974   954 
  927   949   947   926 
  929   950   949   927 
  930   951   950   929 
  931   952   951   930 
  932   953   952   931 
  935   956   953   932 
  936   957   956   935 
  938   959   957   936 
  940   961   959   938 
  942   963   961   940 
  943   965   963   942 
  945   966   965   943 
  948   968   966   945 
  955   975   968   948 
  958   979   975   955 
  962   983   979   958 
  964   985   983   962 
  967   988   985   964 
  974   995   988   967 
  980  1001   995   974 
  949   970   969   947 
  950   971   970   949 
  951   972   971   950 
  952   973   972   951 
  953   976   973   952 
  956   977   976   953 
  957   978   977   956 
  959   981   978   957 
  961   982   981   959 
  963   984   982   961 
  965   986   984   963 
  966   987   986   965 
  968   989   987   966 
  975   996   989   968 
  979  1000   996   975 
  983  1004  1000   979 
  985  1006  1004   983 
  988  1009  1006   985 
  995  1015  1009   988 
 1001  1022  1015   995 
  970   991   990   969 
  971   992   991   970 
  972   993   992   971 
  973   994   993   972 
  976   997   994   973 
  977   998   997   976 
  978   999   998   977 
  981  1002   999   978 
  982  1003  1002   981 
  984  1005  1003   982 
  986  1007  1005   984 
  987  1008  1007   986 
  989  1010  1008   987 
  996  1017  1010   989 
 1000  1021  1017   996 
 1004  1025  1021  1000 
 1006  1027  1025  1004 
 1009  1030  1027  1006 
 1015  1036  1030  1009 
 1022  1042  1036  1015 
  991  1012  1011   990 
  992  1013  1012   991 
  993  1014  1013   992 
  994  1016  1014   993 
  997  1018  1016   994 
  998  1019  1018   997 
  999  1020  1019   998 
 1002  1023  1020   999 
 1003  1024  1023  1002 
 1005  1026  1024  1003 
 1007  1028  1026  1005 
 1008  1029  1028  1007 
 1010  1031  1029  1008 
 1017  1038  1031  1010 
 1021  1041  1038  1017 
 1025  1045  1041  1021 
 1027  1048  1045  1025 
 1030  1051  1048  1027 
 1036  1056  1051  1030 
 1042  1062  1056  1036 
 1012  1033  1032  1011 
 1013  1034  1033  1012 
 1014  1035  1034  1013 
 1016  1037  1035  1014 
 1018  1039  1037  1016 
 1019  1040  1039  1018 
 1020  1043  1040  1019 
 1023  1044  1043  1020 
 1024  1046  1044  1023 
 1026  1047  1046  1024 
 1028  1049  1047  1026 
 1029  1050  1049  1028 
 1031  1052  1050  1029 
 1038  1059  1052  1031 
 1041  1063  1059  1038 
 1045  1066  1063  1041 
 1048  1069  1066  1045 
 1051  1072  1069  1048 
 1056  1075  1072  1051 
 1062  1083  1075  1056 
 1033  1054  1053  1032 
 1034  1055  1054  1033 
 1035  1057  1055  1034 
 1037  1058  1057  1035 
 1039  1060  1058  1037 
 1040  1061  1060  1039 
 1043  1064  1061  1040 
 1044  1065  1064  1043 
 1046  1067  1065  1044 
 1047  1068  1067  1046 
 1049  1070  1068  1047 
 1050  1071  1070  1049 
 1052  1073  1071  1050 
 1059  1079  1073  1052 
 1063  1084  1079  1059 
 1066  1087  1084  1063 
 1069  1090  1087  1066 
 1072  1092  1090  1069 
 1075  1095  1092  1072 
 1083  1104  1095  1075 
 1054  1076  1074  1053 
 1055  1077  1076  1054 
 1057  1078  1077  1055 
 1058  1080  1078  1057 
 1060  1081  1080  1058 
 1061  1082  1081  1060 
 1064  1085  1082  1061 
 1065  1086  1085  1064 
 1067  1088  1086  1065 
 1068  1089  1088  1067 
 1070  1091  1089  1068 
 1071  1093  1091  1070 
 1073  1094  1093  1071 
 1079  1100  1094  1073 
 1084  1105  1100  1079 
 1087  1108  1105  1084 
 1090  1111  1108  1087 
 1092  1113  1111  1090 
 1095  1116  1113  1092 
 1104  1118  1116  1095 
 1076  1097  1096  1074 
 1077  1098  1097  1076 
 1078  1099  1098  1077 
 1080  1101  1099  1078 
 1081  1102  1101  1080 
 1082  1103  1102  1081 
 1085  1106  1103  1082 
 1086  1107  1106  1085 
 1088  1109  1107  1086 
 1089  1110  1109  1088 
 1091  1112  1110  1089 
 1093  1114  1112  1091 
 1094  1115  1114  1093 
 1100  1117  1115  1094 
 1105  1119  1117  1100 
 1108  1120  1119  1105 
 1111  1121  1120  1108 
 1113  1122  1121  1111 
 1116  1123  1122  1113 
 1118  1124  1123  1116 

