0.00000E+00 1.00000E+00 
1.00000E-01 1.00000E+00 
0.00000E+00 9.00000E-01 
1.00000E-01 9.00000E-01 
2.00000E-01 1.00000E+00 
0.00000E+00 8.00000E-01 
2.00000E-01 9.00000E-01 
1.00000E-01 8.00000E-01 
2.00000E-01 8.00000E-01 
3.00000E-01 1.00000E+00 
0.00000E+00 7.00000E-01 
3.00000E-01 9.00000E-01 
1.00000E-01 7.00000E-01 
2.00000E-01 7.00000E-01 
3.00000E-01 8.00000E-01 
0.00000E+00 6.00000E-01 
4.00000E-01 1.00000E+00 
1.00000E-01 6.00000E-01 
4.00000E-01 9.00000E-01 
3.00000E-01 7.00000E-01 
2.00000E-01 6.00000E-01 
4.00000E-01 8.00000E-01 
3.00000E-01 6.00000E-01 
4.00000E-01 7.00000E-01 
5.00000E-01 1.00000E+00 
0.00000E+00 5.00000E-01 
1.00000E-01 5.00000E-01 
5.00000E-01 9.00000E-01 
2.00000E-01 5.00000E-01 
5.00000E-01 8.00000E-01 
4.00000E-01 6.00000E-01 
3.00000E-01 5.00000E-01 
5.00000E-01 7.00000E-01 
0.00000E+00 4.00000E-01 
6.00000E-01 1.00000E+00 
1.00000E-01 4.00000E-01 
6.00000E-01 9.00000E-01 
6.00000E-01 8.00000E-01 
2.00000E-01 4.00000E-01 
4.00000E-01 5.00000E-01 
5.00000E-01 6.00000E-01 
3.00000E-01 4.00000E-01 
6.00000E-01 7.00000E-01 
7.00000E-01 1.00000E+00 
0.00000E+00 3.00000E-01 
5.00000E-01 5.00000E-01 
7.00000E-01 9.00000E-01 
1.00000E-01 3.00000E-01 
6.00000E-01 6.00000E-01 
4.00000E-01 4.00000E-01 
2.00000E-01 3.00000E-01 
7.00000E-01 8.00000E-01 
7.00000E-01 7.00000E-01 
3.00000E-01 3.00000E-01 
6.00000E-01 5.00000E-01 
5.00000E-01 4.00000E-01 
0.00000E+00 2.00000E-01 
8.00000E-01 1.00000E+00 
1.00000E-01 2.00000E-01 
7.00000E-01 6.00000E-01 
4.00000E-01 3.00000E-01 
8.00000E-01 9.00000E-01 
2.00000E-01 2.00000E-01 
8.00000E-01 8.00000E-01 
6.00000E-01 4.00000E-01 
3.00000E-01 2.00000E-01 
8.00000E-01 7.00000E-01 
7.00000E-01 5.00000E-01 
5.00000E-01 3.00000E-01 
4.00000E-01 2.00000E-01 
8.00000E-01 6.00000E-01 
0.00000E+00 1.00000E-01 
9.00000E-01 1.00000E+00 
1.00000E-01 1.00000E-01 
9.00000E-01 9.00000E-01 
6.00000E-01 3.00000E-01 
2.00000E-01 1.00000E-01 
7.00000E-01 4.00000E-01 
9.00000E-01 8.00000E-01 
5.00000E-01 2.00000E-01 
8.00000E-01 5.00000E-01 
3.00000E-01 1.00000E-01 
9.00000E-01 7.00000E-01 
4.00000E-01 1.00000E-01 
9.00000E-01 6.00000E-01 
7.00000E-01 3.00000E-01 
6.00000E-01 2.00000E-01 
0.00000E+00 0.00000E+00 
1.00000E+00 1.00000E+00 
8.00000E-01 4.00000E-01 
1.00000E+00 9.00000E-01 
1.00000E-01 0.00000E+00 
1.00000E+00 8.00000E-01 
2.00000E-01 0.00000E+00 
5.00000E-01 1.00000E-01 
9.00000E-01 5.00000E-01 
1.00000E+00 7.00000E-01 
3.00000E-01 0.00000E+00 
7.00000E-01 2.00000E-01 
8.00000E-01 3.00000E-01 
4.00000E-01 0.00000E+00 
1.00000E+00 6.00000E-01 
6.00000E-01 1.00000E-01 
9.00000E-01 4.00000E-01 
5.00000E-01 0.00000E+00 
1.00000E+00 5.00000E-01 
8.00000E-01 2.00000E-01 
9.00000E-01 3.00000E-01 
7.00000E-01 1.00000E-01 
6.00000E-01 0.00000E+00 
1.00000E+00 4.00000E-01 
9.00000E-01 2.00000E-01 
8.00000E-01 1.00000E-01 
1.00000E+00 3.00000E-01 
7.00000E-01 0.00000E+00 
9.00000E-01 1.00000E-01 
1.00000E+00 2.00000E-01 
8.00000E-01 0.00000E+00 
1.00000E+00 1.00000E-01 
9.00000E-01 0.00000E+00 
1.00000E+00 0.00000E+00 

1.20000E+00 1.00000E+00 
1.20000E+00 9.00000E-01 
1.20000E+00 8.00000E-01 
1.20000E+00 7.00000E-01 
1.20000E+00 6.00000E-01 
1.30000E+00 1.00000E+00 
1.20000E+00 5.00000E-01 
1.30000E+00 9.00000E-01 
1.30000E+00 8.00000E-01 
1.30000E+00 7.00000E-01 
1.20000E+00 4.00000E-01 
1.30000E+00 6.00000E-01 
1.20000E+00 3.00000E-01 
1.30000E+00 5.00000E-01 
1.40000E+00 1.00000E+00 
1.40000E+00 9.00000E-01 
1.40000E+00 8.00000E-01 
1.40000E+00 7.00000E-01 
1.30000E+00 4.00000E-01 
1.20000E+00 2.00000E-01 
1.40000E+00 6.00000E-01 
1.30000E+00 3.00000E-01 
1.40000E+00 5.00000E-01 
1.20000E+00 1.00000E-01 
1.50000E+00 1.00000E+00 
1.50000E+00 9.00000E-01 
1.50000E+00 8.00000E-01 
1.40000E+00 4.00000E-01 
1.30000E+00 2.00000E-01 
1.50000E+00 7.00000E-01 
1.50000E+00 6.00000E-01 
1.20000E+00 0.00000E+00 
1.40000E+00 3.00000E-01 
1.50000E+00 5.00000E-01 
1.30000E+00 1.00000E-01 
1.60000E+00 1.00000E+00 
1.60000E+00 9.00000E-01 
1.40000E+00 2.00000E-01 
1.60000E+00 8.00000E-01 
1.50000E+00 4.00000E-01 
1.60000E+00 7.00000E-01 
1.30000E+00 0.00000E+00 
1.60000E+00 6.00000E-01 
1.50000E+00 3.00000E-01 
1.40000E+00 1.00000E-01 
1.60000E+00 5.00000E-01 
1.50000E+00 2.00000E-01 
1.70000E+00 1.00000E+00 
1.70000E+00 9.00000E-01 
1.60000E+00 4.00000E-01 
1.70000E+00 8.00000E-01 
1.40000E+00 0.00000E+00 
1.70000E+00 7.00000E-01 
1.60000E+00 3.00000E-01 
1.70000E+00 6.00000E-01 
1.50000E+00 1.00000E-01 
1.70000E+00 5.00000E-01 
1.60000E+00 2.00000E-01 
1.80000E+00 1.00000E+00 
1.80000E+00 9.00000E-01 
1.50000E+00 0.00000E+00 
1.70000E+00 4.00000E-01 
1.80000E+00 8.00000E-01 
1.80000E+00 7.00000E-01 
1.60000E+00 1.00000E-01 
1.70000E+00 3.00000E-01 
1.80000E+00 6.00000E-01 
1.80000E+00 5.00000E-01 
1.70000E+00 2.00000E-01 
1.60000E+00 0.00000E+00 
1.80000E+00 4.00000E-01 
1.90000E+00 1.00000E+00 
1.90000E+00 9.00000E-01 
1.90000E+00 8.00000E-01 
1.90000E+00 7.00000E-01 
1.70000E+00 1.00000E-01 
1.80000E+00 3.00000E-01 
1.90000E+00 6.00000E-01 
1.90000E+00 5.00000E-01 
1.80000E+00 2.00000E-01 
1.70000E+00 0.00000E+00 
1.90000E+00 4.00000E-01 
2.00000E+00 1.00000E+00 
2.00000E+00 9.00000E-01 
2.00000E+00 8.00000E-01 
1.80000E+00 1.00000E-01 
2.00000E+00 7.00000E-01 
1.90000E+00 3.00000E-01 
2.00000E+00 6.00000E-01 
1.80000E+00 0.00000E+00 
1.90000E+00 2.00000E-01 
2.00000E+00 5.00000E-01 
2.00000E+00 4.00000E-01 
2.10000E+00 1.00000E+00 
1.90000E+00 1.00000E-01 
2.10000E+00 9.00000E-01 
2.10000E+00 8.00000E-01 
2.00000E+00 3.00000E-01 
2.10000E+00 7.00000E-01 
2.10000E+00 6.00000E-01 
1.90000E+00 0.00000E+00 
2.00000E+00 2.00000E-01 
2.10000E+00 5.00000E-01 
2.10000E+00 4.00000E-01 
2.00000E+00 1.00000E-01 
2.20000E+00 1.00000E+00 
2.20000E+00 9.00000E-01 
2.20000E+00 8.00000E-01 
2.10000E+00 3.00000E-01 
2.20000E+00 7.00000E-01 
2.00000E+00 0.00000E+00 
2.20000E+00 6.00000E-01 
2.10000E+00 2.00000E-01 
2.20000E+00 5.00000E-01 
2.20000E+00 4.00000E-01 
2.10000E+00 1.00000E-01 
2.20000E+00 3.00000E-01 
2.10000E+00 0.00000E+00 
2.20000E+00 2.00000E-01 
2.20000E+00 1.00000E-01 
2.20000E+00 0.00000E+00 

2.40000E+00 1.00000E+00 
2.40000E+00 9.50000E-01 
2.40000E+00 9.00000E-01 
2.40000E+00 8.50000E-01 
2.40000E+00 8.00000E-01 
2.40000E+00 7.50000E-01 
2.40000E+00 7.00000E-01 
2.40000E+00 6.50000E-01 
2.40000E+00 6.00000E-01 
2.40000E+00 5.50000E-01 
2.45000E+00 1.00000E+00 
2.45000E+00 9.50000E-01 
2.40000E+00 5.00000E-01 
2.45000E+00 9.00000E-01 
2.45000E+00 8.50000E-01 
2.45000E+00 8.00000E-01 
2.40000E+00 4.50000E-01 
2.45000E+00 7.50000E-01 
2.45000E+00 7.00000E-01 
2.40000E+00 4.00000E-01 
2.45000E+00 6.50000E-01 
2.45000E+00 6.00000E-01 
2.40000E+00 3.50000E-01 
2.45000E+00 5.50000E-01 
2.40000E+00 3.00000E-01 
2.50000E+00 1.00000E+00 
2.45000E+00 5.00000E-01 
2.50000E+00 9.50000E-01 
2.50000E+00 9.00000E-01 
2.50000E+00 8.50000E-01 
2.50000E+00 8.00000E-01 
2.45000E+00 4.50000E-01 
2.50000E+00 7.50000E-01 
2.40000E+00 2.50000E-01 
2.50000E+00 7.00000E-01 
2.45000E+00 4.00000E-01 
2.50000E+00 6.50000E-01 
2.40000E+00 2.00000E-01 
2.50000E+00 6.00000E-01 
2.45000E+00 3.50000E-01 
2.50000E+00 5.50000E-01 
2.40000E+00 1.50000E-01 
2.45000E+00 3.00000E-01 
2.50000E+00 5.00000E-01 
2.55000E+00 1.00000E+00 
2.55000E+00 9.50000E-01 
2.55000E+00 9.00000E-01 
2.55000E+00 8.50000E-01 
2.55000E+00 8.00000E-01 
2.50000E+00 4.50000E-01 
2.45000E+00 2.50000E-01 
2.55000E+00 7.50000E-01 
2.40000E+00 1.00000E-01 
2.55000E+00 7.00000E-01 
2.50000E+00 4.00000E-01 
2.55000E+00 6.50000E-01 
2.45000E+00 2.00000E-01 
2.55000E+00 6.00000E-01 
2.40000E+00 5.00000E-02 
2.50000E+00 3.50000E-01 
2.55000E+00 5.50000E-01 
2.45000E+00 1.50000E-01 
2.50000E+00 3.00000E-01 
2.55000E+00 5.00000E-01 
2.60000E+00 1.00000E+00 
2.40000E+00 0.00000E+00 
2.60000E+00 9.50000E-01 
2.60000E+00 9.00000E-01 
2.60000E+00 8.50000E-01 
2.60000E+00 8.00000E-01 
2.55000E+00 4.50000E-01 
2.45000E+00 1.00000E-01 
2.50000E+00 2.50000E-01 
2.60000E+00 7.50000E-01 
2.60000E+00 7.00000E-01 
2.55000E+00 4.00000E-01 
2.60000E+00 6.50000E-01 
2.50000E+00 2.00000E-01 
2.45000E+00 5.00000E-02 
2.60000E+00 6.00000E-01 
2.55000E+00 3.50000E-01 
2.60000E+00 5.50000E-01 
2.50000E+00 1.50000E-01 
2.55000E+00 3.00000E-01 
2.45000E+00 0.00000E+00 
2.60000E+00 5.00000E-01 
2.65000E+00 1.00000E+00 
2.65000E+00 9.50000E-01 
2.65000E+00 9.00000E-01 
2.65000E+00 8.50000E-01 
2.50000E+00 1.00000E-01 
2.60000E+00 4.50000E-01 
2.65000E+00 8.00000E-01 
2.55000E+00 2.50000E-01 
2.65000E+00 7.50000E-01 
2.65000E+00 7.00000E-01 
2.60000E+00 4.00000E-01 
2.55000E+00 2.00000E-01 
2.65000E+00 6.50000E-01 
2.50000E+00 5.00000E-02 
2.65000E+00 6.00000E-01 
2.60000E+00 3.50000E-01 
2.55000E+00 1.50000E-01 
2.65000E+00 5.50000E-01 
2.50000E+00 0.00000E+00 
2.60000E+00 3.00000E-01 
2.65000E+00 5.00000E-01 
2.70000E+00 1.00000E+00 
2.70000E+00 9.50000E-01 
2.70000E+00 9.00000E-01 
2.55000E+00 1.00000E-01 
2.70000E+00 8.50000E-01 
2.60000E+00 2.50000E-01 
2.65000E+00 4.50000E-01 
2.70000E+00 8.00000E-01 
2.70000E+00 7.50000E-01 
2.70000E+00 7.00000E-01 
2.65000E+00 4.00000E-01 
2.60000E+00 2.00000E-01 
2.55000E+00 5.00000E-02 
2.70000E+00 6.50000E-01 
2.65000E+00 3.50000E-01 
2.70000E+00 6.00000E-01 
2.60000E+00 1.50000E-01 
2.70000E+00 5.50000E-01 
2.55000E+00 0.00000E+00 
2.65000E+00 3.00000E-01 
2.70000E+00 5.00000E-01 
2.75000E+00 1.00000E+00 
2.75000E+00 9.50000E-01 
2.60000E+00 1.00000E-01 
2.75000E+00 9.00000E-01 
2.65000E+00 2.50000E-01 
2.75000E+00 8.50000E-01 
2.70000E+00 4.50000E-01 
2.75000E+00 8.00000E-01 
2.75000E+00 7.50000E-01 
2.70000E+00 4.00000E-01 
2.75000E+00 7.00000E-01 
2.65000E+00 2.00000E-01 
2.60000E+00 5.00000E-02 
2.75000E+00 6.50000E-01 
2.70000E+00 3.50000E-01 
2.75000E+00 6.00000E-01 
2.65000E+00 1.50000E-01 
2.60000E+00 0.00000E+00 
2.75000E+00 5.50000E-01 
2.70000E+00 3.00000E-01 
2.75000E+00 5.00000E-01 
2.65000E+00 1.00000E-01 
2.80000E+00 1.00000E+00 
2.80000E+00 9.50000E-01 
2.80000E+00 9.00000E-01 
2.70000E+00 2.50000E-01 
2.80000E+00 8.50000E-01 
2.75000E+00 4.50000E-01 
2.80000E+00 8.00000E-01 
2.80000E+00 7.50000E-01 
2.75000E+00 4.00000E-01 
2.65000E+00 5.00000E-02 
2.70000E+00 2.00000E-01 
2.80000E+00 7.00000E-01 
2.80000E+00 6.50000E-01 
2.75000E+00 3.50000E-01 
2.80000E+00 6.00000E-01 
2.70000E+00 1.50000E-01 
2.65000E+00 0.00000E+00 
2.80000E+00 5.50000E-01 
2.75000E+00 3.00000E-01 
2.80000E+00 5.00000E-01 
2.70000E+00 1.00000E-01 
2.85000E+00 1.00000E+00 
2.85000E+00 9.50000E-01 
2.75000E+00 2.50000E-01 
2.85000E+00 9.00000E-01 
2.80000E+00 4.50000E-01 
2.85000E+00 8.50000E-01 
2.85000E+00 8.00000E-01 
2.85000E+00 7.50000E-01 
2.70000E+00 5.00000E-02 
2.80000E+00 4.00000E-01 
2.75000E+00 2.00000E-01 
2.85000E+00 7.00000E-01 
2.85000E+00 6.50000E-01 
2.80000E+00 3.50000E-01 
2.85000E+00 6.00000E-01 
2.75000E+00 1.50000E-01 
2.70000E+00 0.00000E+00 
2.85000E+00 5.50000E-01 
2.80000E+00 3.00000E-01 
2.85000E+00 5.00000E-01 
2.75000E+00 1.00000E-01 
2.80000E+00 2.50000E-01 
2.90000E+00 1.00000E+00 
2.90000E+00 9.50000E-01 
2.90000E+00 9.00000E-01 
2.85000E+00 4.50000E-01 
2.90000E+00 8.50000E-01 
2.90000E+00 8.00000E-01 
2.75000E+00 5.00000E-02 
2.90000E+00 7.50000E-01 
2.80000E+00 2.00000E-01 
2.85000E+00 4.00000E-01 
2.90000E+00 7.00000E-01 
2.90000E+00 6.50000E-01 
2.85000E+00 3.50000E-01 
2.80000E+00 1.50000E-01 
2.75000E+00 0.00000E+00 
2.90000E+00 6.00000E-01 
2.90000E+00 5.50000E-01 
2.85000E+00 3.00000E-01 
2.80000E+00 1.00000E-01 
2.90000E+00 5.00000E-01 
2.85000E+00 2.50000E-01 
2.95000E+00 1.00000E+00 
2.95000E+00 9.50000E-01 
2.95000E+00 9.00000E-01 
2.90000E+00 4.50000E-01 
2.95000E+00 8.50000E-01 
2.80000E+00 5.00000E-02 
2.95000E+00 8.00000E-01 
2.85000E+00 2.00000E-01 
2.95000E+00 7.50000E-01 
2.90000E+00 4.00000E-01 
2.95000E+00 7.00000E-01 
2.95000E+00 6.50000E-01 
2.90000E+00 3.50000E-01 
2.80000E+00 0.00000E+00 
2.85000E+00 1.50000E-01 
2.95000E+00 6.00000E-01 
2.90000E+00 3.00000E-01 
2.95000E+00 5.50000E-01 
2.85000E+00 1.00000E-01 
2.95000E+00 5.00000E-01 
2.90000E+00 2.50000E-01 
3.00000E+00 1.00000E+00 
3.00000E+00 9.50000E-01 
2.95000E+00 4.50000E-01 
3.00000E+00 9.00000E-01 
3.00000E+00 8.50000E-01 
2.85000E+00 5.00000E-02 
3.00000E+00 8.00000E-01 
2.90000E+00 2.00000E-01 
2.95000E+00 4.00000E-01 
3.00000E+00 7.50000E-01 
3.00000E+00 7.00000E-01 
3.00000E+00 6.50000E-01 
2.85000E+00 0.00000E+00 
2.95000E+00 3.50000E-01 
2.90000E+00 1.50000E-01 
3.00000E+00 6.00000E-01 
2.95000E+00 3.00000E-01 
3.00000E+00 5.50000E-01 
2.90000E+00 1.00000E-01 
3.00000E+00 5.00000E-01 
2.95000E+00 2.50000E-01 
3.05000E+00 1.00000E+00 
3.00000E+00 4.50000E-01 
3.05000E+00 9.50000E-01 
3.05000E+00 9.00000E-01 
2.90000E+00 5.00000E-02 
3.05000E+00 8.50000E-01 
3.05000E+00 8.00000E-01 
2.95000E+00 2.00000E-01 
3.00000E+00 4.00000E-01 
3.05000E+00 7.50000E-01 
3.05000E+00 7.00000E-01 
2.90000E+00 0.00000E+00 
3.00000E+00 3.50000E-01 
3.05000E+00 6.50000E-01 
2.95000E+00 1.50000E-01 
3.05000E+00 6.00000E-01 
3.00000E+00 3.00000E-01 
3.05000E+00 5.50000E-01 
2.95000E+00 1.00000E-01 
3.05000E+00 5.00000E-01 
3.00000E+00 2.50000E-01 
3.05000E+00 4.50000E-01 
2.95000E+00 5.00000E-02 
3.10000E+00 1.00000E+00 
3.10000E+00 9.50000E-01 
3.10000E+00 9.00000E-01 
3.10000E+00 8.50000E-01 
3.00000E+00 2.00000E-01 
3.10000E+00 8.00000E-01 
3.05000E+00 4.00000E-01 
3.10000E+00 7.50000E-01 
3.10000E+00 7.00000E-01 
2.95000E+00 0.00000E+00 
3.00000E+00 1.50000E-01 
3.05000E+00 3.50000E-01 
3.10000E+00 6.50000E-01 
3.10000E+00 6.00000E-01 
3.05000E+00 3.00000E-01 
3.00000E+00 1.00000E-01 
3.10000E+00 5.50000E-01 
3.10000E+00 5.00000E-01 
3.05000E+00 2.50000E-01 
3.00000E+00 5.00000E-02 
3.10000E+00 4.50000E-01 
3.15000E+00 1.00000E+00 
3.15000E+00 9.50000E-01 
3.15000E+00 9.00000E-01 
3.05000E+00 2.00000E-01 
3.15000E+00 8.50000E-01 
3.15000E+00 8.00000E-01 
3.10000E+00 4.00000E-01 
3.15000E+00 7.50000E-01 
3.00000E+00 0.00000E+00 
3.15000E+00 7.00000E-01 
3.05000E+00 1.50000E-01 
3.10000E+00 3.50000E-01 
3.15000E+00 6.50000E-01 
3.15000E+00 6.00000E-01 
3.10000E+00 3.00000E-01 
3.05000E+00 1.00000E-01 
3.15000E+00 5.50000E-01 
3.10000E+00 2.50000E-01 
3.15000E+00 5.00000E-01 
3.05000E+00 5.00000E-02 
3.15000E+00 4.50000E-01 
3.20000E+00 1.00000E+00 
3.20000E+00 9.50000E-01 
3.10000E+00 2.00000E-01 
3.20000E+00 9.00000E-01 
3.20000E+00 8.50000E-01 
3.20000E+00 8.00000E-01 
3.15000E+00 4.00000E-01 
3.20000E+00 7.50000E-01 
3.05000E+00 0.00000E+00 
3.20000E+00 7.00000E-01 
3.10000E+00 1.50000E-01 
3.15000E+00 3.50000E-01 
3.20000E+00 6.50000E-01 
3.20000E+00 6.00000E-01 
3.15000E+00 3.00000E-01 
3.10000E+00 1.00000E-01 
3.20000E+00 5.50000E-01 
3.15000E+00 2.50000E-01 
3.20000E+00 5.00000E-01 
3.10000E+00 5.00000E-02 
3.20000E+00 4.50000E-01 
3.15000E+00 2.00000E-01 
3.25000E+00 1.00000E+00 
3.25000E+00 9.50000E-01 
3.25000E+00 9.00000E-01 
3.25000E+00 8.50000E-01 
3.20000E+00 4.00000E-01 
3.25000E+00 8.00000E-01 
3.10000E+00 0.00000E+00 
3.25000E+00 7.50000E-01 
3.15000E+00 1.50000E-01 
3.25000E+00 7.00000E-01 
3.20000E+00 3.50000E-01 
3.25000E+00 6.50000E-01 
3.25000E+00 6.00000E-01 
3.20000E+00 3.00000E-01 
3.15000E+00 1.00000E-01 
3.25000E+00 5.50000E-01 
3.20000E+00 2.50000E-01 
3.25000E+00 5.00000E-01 
3.15000E+00 5.00000E-02 
3.25000E+00 4.50000E-01 
3.20000E+00 2.00000E-01 
3.30000E+00 1.00000E+00 
3.30000E+00 9.50000E-01 
3.30000E+00 9.00000E-01 
3.30000E+00 8.50000E-01 
3.15000E+00 0.00000E+00 
3.25000E+00 4.00000E-01 
3.30000E+00 8.00000E-01 
3.30000E+00 7.50000E-01 
3.20000E+00 1.50000E-01 
3.30000E+00 7.00000E-01 
3.25000E+00 3.50000E-01 
3.30000E+00 6.50000E-01 
3.30000E+00 6.00000E-01 
3.20000E+00 1.00000E-01 
3.25000E+00 3.00000E-01 
3.30000E+00 5.50000E-01 
3.25000E+00 2.50000E-01 
3.30000E+00 5.00000E-01 
3.20000E+00 5.00000E-02 
3.30000E+00 4.50000E-01 
3.25000E+00 2.00000E-01 
3.35000E+00 1.00000E+00 
3.35000E+00 9.50000E-01 
3.35000E+00 9.00000E-01 
3.20000E+00 0.00000E+00 
3.35000E+00 8.50000E-01 
3.30000E+00 4.00000E-01 
3.35000E+00 8.00000E-01 
3.25000E+00 1.50000E-01 
3.35000E+00 7.50000E-01 
3.30000E+00 3.50000E-01 
3.35000E+00 7.00000E-01 
3.35000E+00 6.50000E-01 
3.25000E+00 1.00000E-01 
3.30000E+00 3.00000E-01 
3.35000E+00 6.00000E-01 
3.35000E+00 5.50000E-01 
3.30000E+00 2.50000E-01 
3.25000E+00 5.00000E-02 
3.35000E+00 5.00000E-01 
3.35000E+00 4.50000E-01 
3.30000E+00 2.00000E-01 
3.40000E+00 1.00000E+00 
3.40000E+00 9.50000E-01 
3.25000E+00 0.00000E+00 
3.40000E+00 9.00000E-01 
3.35000E+00 4.00000E-01 
3.40000E+00 8.50000E-01 
3.40000E+00 8.00000E-01 
3.30000E+00 1.50000E-01 
3.40000E+00 7.50000E-01 
3.35000E+00 3.50000E-01 
3.40000E+00 7.00000E-01 
3.40000E+00 6.50000E-01 
3.30000E+00 1.00000E-01 
3.35000E+00 3.00000E-01 
3.40000E+00 6.00000E-01 
3.40000E+00 5.50000E-01 
3.35000E+00 2.50000E-01 
3.30000E+00 5.00000E-02 
3.40000E+00 5.00000E-01 
3.35000E+00 2.00000E-01 
3.40000E+00 4.50000E-01 
3.30000E+00 0.00000E+00 
3.40000E+00 4.00000E-01 
3.35000E+00 1.50000E-01 
3.40000E+00 3.50000E-01 
3.35000E+00 1.00000E-01 
3.40000E+00 3.00000E-01 
3.40000E+00 2.50000E-01 
3.35000E+00 5.00000E-02 
3.40000E+00 2.00000E-01 
3.35000E+00 0.00000E+00 
3.40000E+00 1.50000E-01 
3.40000E+00 1.00000E-01 
3.40000E+00 5.00000E-02 
3.40000E+00 0.00000E+00 

3.60000E+00 1.00000E+00 
3.60000E+00 9.50000E-01 
3.60000E+00 9.00000E-01 
3.60000E+00 8.50000E-01 
3.60000E+00 8.00000E-01 
3.60000E+00 7.50000E-01 
3.60000E+00 7.00000E-01 
3.60000E+00 6.50000E-01 
3.60000E+00 6.00000E-01 
3.60000E+00 5.50000E-01 
3.60000E+00 5.00000E-01 
3.60000E+00 4.50000E-01 
3.60000E+00 4.00000E-01 
3.65000E+00 1.00000E+00 
3.65000E+00 9.50000E-01 
3.65000E+00 9.00000E-01 
3.65000E+00 8.50000E-01 
3.65000E+00 8.00000E-01 
3.60000E+00 3.50000E-01 
3.65000E+00 7.50000E-01 
3.65000E+00 7.00000E-01 
3.65000E+00 6.50000E-01 
3.60000E+00 3.00000E-01 
3.65000E+00 6.00000E-01 
3.60000E+00 2.50000E-01 
3.65000E+00 5.50000E-01 
3.65000E+00 5.00000E-01 
3.60000E+00 2.00000E-01 
3.65000E+00 4.50000E-01 
3.65000E+00 4.00000E-01 
3.60000E+00 1.50000E-01 
3.70000E+00 1.00000E+00 
3.70000E+00 9.50000E-01 
3.70000E+00 9.00000E-01 
3.70000E+00 8.50000E-01 
3.70000E+00 8.00000E-01 
3.65000E+00 3.50000E-01 
3.70000E+00 7.50000E-01 
3.60000E+00 1.00000E-01 
3.70000E+00 7.00000E-01 
3.65000E+00 3.00000E-01 
3.70000E+00 6.50000E-01 
3.70000E+00 6.00000E-01 
3.60000E+00 5.00000E-02 
3.65000E+00 2.50000E-01 
3.70000E+00 5.50000E-01 
3.70000E+00 5.00000E-01 
3.60000E+00 0.00000E+00 
3.65000E+00 2.00000E-01 
3.70000E+00 4.50000E-01 
3.65000E+00 1.50000E-01 
3.70000E+00 4.00000E-01 
3.75000E+00 1.00000E+00 
3.75000E+00 9.50000E-01 
3.75000E+00 9.00000E-01 
3.75000E+00 8.50000E-01 
3.75000E+00 8.00000E-01 
3.70000E+00 3.50000E-01 
3.75000E+00 7.50000E-01 
3.65000E+00 1.00000E-01 
3.75000E+00 7.00000E-01 
3.70000E+00 3.00000E-01 
3.75000E+00 6.50000E-01 
3.75000E+00 6.00000E-01 
3.65000E+00 5.00000E-02 
3.70000E+00 2.50000E-01 
3.75000E+00 5.50000E-01 
3.75000E+00 5.00000E-01 
3.65000E+00 0.00000E+00 
3.70000E+00 2.00000E-01 
3.75000E+00 4.50000E-01 
3.70000E+00 1.50000E-01 
3.75000E+00 4.00000E-01 
3.80000E+00 1.00000E+00 
3.80000E+00 9.50000E-01 
3.80000E+00 9.00000E-01 
3.80000E+00 8.50000E-01 
3.80000E+00 8.00000E-01 
3.75000E+00 3.50000E-01 
3.70000E+00 1.00000E-01 
3.80000E+00 7.50000E-01 
3.80000E+00 7.00000E-01 
3.75000E+00 3.00000E-01 
3.80000E+00 6.50000E-01 
3.70000E+00 5.00000E-02 
3.80000E+00 6.00000E-01 
3.75000E+00 2.50000E-01 
3.80000E+00 5.50000E-01 
3.80000E+00 5.00000E-01 
3.70000E+00 0.00000E+00 
3.75000E+00 2.00000E-01 
3.80000E+00 4.50000E-01 
3.75000E+00 1.50000E-01 
3.80000E+00 4.00000E-01 
3.85000E+00 1.00000E+00 
3.85000E+00 9.50000E-01 
3.85000E+00 9.00000E-01 
3.85000E+00 8.50000E-01 
3.80000E+00 3.50000E-01 
3.85000E+00 8.00000E-01 
3.75000E+00 1.00000E-01 
3.85000E+00 7.50000E-01 
3.85000E+00 7.00000E-01 
3.80000E+00 3.00000E-01 
3.85000E+00 6.50000E-01 
3.75000E+00 5.00000E-02 
3.85000E+00 6.00000E-01 
3.80000E+00 2.50000E-01 
3.85000E+00 5.50000E-01 
3.75000E+00 0.00000E+00 
3.85000E+00 5.00000E-01 
3.80000E+00 2.00000E-01 
3.85000E+00 4.50000E-01 
3.80000E+00 1.50000E-01 
3.85000E+00 4.00000E-01 
3.90000E+00 1.00000E+00 
3.90000E+00 9.50000E-01 
3.90000E+00 9.00000E-01 
3.90000E+00 8.50000E-01 
3.85000E+00 3.50000E-01 
3.80000E+00 1.00000E-01 
3.90000E+00 8.00000E-01 
3.90000E+00 7.50000E-01 
3.90000E+00 7.00000E-01 
3.85000E+00 3.00000E-01 
3.90000E+00 6.50000E-01 
3.80000E+00 5.00000E-02 
3.90000E+00 6.00000E-01 
3.85000E+00 2.50000E-01 
3.90000E+00 5.50000E-01 
3.80000E+00 0.00000E+00 
3.90000E+00 5.00000E-01 
3.85000E+00 2.00000E-01 
3.90000E+00 4.50000E-01 
3.85000E+00 1.50000E-01 
3.90000E+00 4.00000E-01 
3.95000E+00 1.00000E+00 
3.95000E+00 9.50000E-01 
3.95000E+00 9.00000E-01 
3.95000E+00 8.50000E-01 
3.90000E+00 3.50000E-01 
3.85000E+00 1.00000E-01 
3.95000E+00 8.00000E-01 
3.95000E+00 7.50000E-01 
3.95000E+00 7.00000E-01 
3.90000E+00 3.00000E-01 
3.85000E+00 5.00000E-02 
3.95000E+00 6.50000E-01 
3.95000E+00 6.00000E-01 
3.90000E+00 2.50000E-01 
3.95000E+00 5.50000E-01 
3.85000E+00 0.00000E+00 
3.90000E+00 2.00000E-01 
3.95000E+00 5.00000E-01 
3.95000E+00 4.50000E-01 
3.90000E+00 1.50000E-01 
3.95000E+00 4.00000E-01 
4.00000E+00 1.00000E+00 
4.00000E+00 9.50000E-01 
4.00000E+00 9.00000E-01 
3.90000E+00 1.00000E-01 
4.00000E+00 8.50000E-01 
3.95000E+00 3.50000E-01 
4.00000E+00 8.00000E-01 
4.00000E+00 7.50000E-01 
4.00000E+00 7.00000E-01 
3.95000E+00 3.00000E-01 
3.90000E+00 5.00000E-02 
4.00000E+00 6.50000E-01 
4.00000E+00 6.00000E-01 
3.95000E+00 2.50000E-01 
4.00000E+00 5.50000E-01 
3.90000E+00 0.00000E+00 
3.95000E+00 2.00000E-01 
4.00000E+00 5.00000E-01 
4.00000E+00 4.50000E-01 
3.95000E+00 1.50000E-01 
4.00000E+00 4.00000E-01 
4.05000E+00 1.00000E+00 
4.05000E+00 9.50000E-01 
3.95000E+00 1.00000E-01 
4.05000E+00 9.00000E-01 
4.00000E+00 3.50000E-01 
4.05000E+00 8.50000E-01 
4.05000E+00 8.00000E-01 
4.05000E+00 7.50000E-01 
4.00000E+00 3.00000E-01 
4.05000E+00 7.00000E-01 
3.95000E+00 5.00000E-02 
4.05000E+00 6.50000E-01 
4.05000E+00 6.00000E-01 
4.00000E+00 2.50000E-01 
3.95000E+00 0.00000E+00 
4.05000E+00 5.50000E-01 
4.00000E+00 2.00000E-01 
4.05000E+00 5.00000E-01 
4.05000E+00 4.50000E-01 
4.00000E+00 1.50000E-01 
4.05000E+00 4.00000E-01 
4.10000E+00 1.00000E+00 
4.00000E+00 1.00000E-01 
4.10000E+00 9.50000E-01 
4.10000E+00 9.00000E-01 
4.05000E+00 3.50000E-01 
4.10000E+00 8.50000E-01 
4.10000E+00 8.00000E-01 
4.10000E+00 7.50000E-01 
4.05000E+00 3.00000E-01 
4.10000E+00 7.00000E-01 
4.00000E+00 5.00000E-02 
4.10000E+00 6.50000E-01 
4.05000E+00 2.50000E-01 
4.10000E+00 6.00000E-01 
4.00000E+00 0.00000E+00 
4.10000E+00 5.50000E-01 
4.05000E+00 2.00000E-01 
4.10000E+00 5.00000E-01 
4.10000E+00 4.50000E-01 
4.05000E+00 1.50000E-01 
4.10000E+00 4.00000E-01 
4.05000E+00 1.00000E-01 
4.15000E+00 1.00000E+00 
4.15000E+00 9.50000E-01 
4.15000E+00 9.00000E-01 
4.10000E+00 3.50000E-01 
4.15000E+00 8.50000E-01 
4.15000E+00 8.00000E-01 
4.15000E+00 7.50000E-01 
4.10000E+00 3.00000E-01 
4.05000E+00 5.00000E-02 
4.15000E+00 7.00000E-01 
4.15000E+00 6.50000E-01 
4.10000E+00 2.50000E-01 
4.15000E+00 6.00000E-01 
4.05000E+00 0.00000E+00 
4.15000E+00 5.50000E-01 
4.10000E+00 2.00000E-01 
4.15000E+00 5.00000E-01 
4.15000E+00 4.50000E-01 
4.10000E+00 1.50000E-01 
4.15000E+00 4.00000E-01 
4.10000E+00 1.00000E-01 
4.20000E+00 1.00000E+00 
4.20000E+00 9.50000E-01 
4.15000E+00 3.50000E-01 
4.20000E+00 9.00000E-01 
4.20000E+00 8.50000E-01 
4.20000E+00 8.00000E-01 
4.20000E+00 7.50000E-01 
4.10000E+00 5.00000E-02 
4.15000E+00 3.00000E-01 
4.20000E+00 7.00000E-01 
4.20000E+00 6.50000E-01 
4.15000E+00 2.50000E-01 
4.20000E+00 6.00000E-01 
4.10000E+00 0.00000E+00 
4.20000E+00 5.50000E-01 
4.15000E+00 2.00000E-01 
4.20000E+00 5.00000E-01 
4.20000E+00 4.50000E-01 
4.15000E+00 1.50000E-01 
4.20000E+00 4.00000E-01 
4.15000E+00 1.00000E-01 
4.25000E+00 1.00000E+00 
4.20000E+00 3.50000E-01 
4.25000E+00 9.50000E-01 
4.25000E+00 9.00000E-01 
4.25000E+00 8.50000E-01 
4.25000E+00 8.00000E-01 
4.25000E+00 7.50000E-01 
4.15000E+00 5.00000E-02 
4.20000E+00 3.00000E-01 
4.25000E+00 7.00000E-01 
4.25000E+00 6.50000E-01 
4.20000E+00 2.50000E-01 
4.25000E+00 6.00000E-01 
4.15000E+00 0.00000E+00 
4.25000E+00 5.50000E-01 
4.20000E+00 2.00000E-01 
4.25000E+00 5.00000E-01 
4.20000E+00 1.50000E-01 
4.25000E+00 4.50000E-01 
4.25000E+00 4.00000E-01 
4.20000E+00 1.00000E-01 
4.25000E+00 3.50000E-01 
4.30000E+00 1.00000E+00 
4.30000E+00 9.50000E-01 
4.30000E+00 9.00000E-01 
4.30000E+00 8.50000E-01 
4.30000E+00 8.00000E-01 
4.20000E+00 5.00000E-02 
4.25000E+00 3.00000E-01 
4.30000E+00 7.50000E-01 
4.30000E+00 7.00000E-01 
4.30000E+00 6.50000E-01 
4.25000E+00 2.50000E-01 
4.20000E+00 0.00000E+00 
4.30000E+00 6.00000E-01 
4.30000E+00 5.50000E-01 
4.25000E+00 2.00000E-01 
4.30000E+00 5.00000E-01 
4.25000E+00 1.50000E-01 
4.30000E+00 4.50000E-01 
4.30000E+00 4.00000E-01 
4.25000E+00 1.00000E-01 
4.30000E+00 3.50000E-01 
4.35000E+00 1.00000E+00 
4.35000E+00 9.50000E-01 
4.35000E+00 9.00000E-01 
4.35000E+00 8.50000E-01 
4.35000E+00 8.00000E-01 
4.25000E+00 5.00000E-02 
4.30000E+00 3.00000E-01 
4.35000E+00 7.50000E-01 
4.35000E+00 7.00000E-01 
4.35000E+00 6.50000E-01 
4.30000E+00 2.50000E-01 
4.25000E+00 0.00000E+00 
4.35000E+00 6.00000E-01 
4.35000E+00 5.50000E-01 
4.30000E+00 2.00000E-01 
4.35000E+00 5.00000E-01 
4.30000E+00 1.50000E-01 
4.35000E+00 4.50000E-01 
4.35000E+00 4.00000E-01 
4.30000E+00 1.00000E-01 
4.35000E+00 3.50000E-01 
4.40000E+00 1.00000E+00 
4.40000E+00 9.50000E-01 
4.40000E+00 9.00000E-01 
4.40000E+00 8.50000E-01 
4.30000E+00 5.00000E-02 
4.40000E+00 8.00000E-01 
4.35000E+00 3.00000E-01 
4.40000E+00 7.50000E-01 
4.40000E+00 7.00000E-01 
4.40000E+00 6.50000E-01 
4.35000E+00 2.50000E-01 
4.30000E+00 0.00000E+00 
4.40000E+00 6.00000E-01 
4.40000E+00 5.50000E-01 
4.35000E+00 2.00000E-01 
4.40000E+00 5.00000E-01 
4.35000E+00 1.50000E-01 
4.40000E+00 4.50000E-01 
4.40000E+00 4.00000E-01 
4.35000E+00 1.00000E-01 
4.40000E+00 3.50000E-01 
4.45000E+00 1.00000E+00 
4.45000E+00 9.50000E-01 
4.45000E+00 9.00000E-01 
4.45000E+00 8.50000E-01 
4.35000E+00 5.00000E-02 
4.45000E+00 8.00000E-01 
4.40000E+00 3.00000E-01 
4.45000E+00 7.50000E-01 
4.45000E+00 7.00000E-01 
4.40000E+00 2.50000E-01 
4.35000E+00 0.00000E+00 
4.45000E+00 6.50000E-01 
4.45000E+00 6.00000E-01 
4.40000E+00 2.00000E-01 
4.45000E+00 5.50000E-01 
4.45000E+00 5.00000E-01 
4.40000E+00 1.50000E-01 
4.45000E+00 4.50000E-01 
4.45000E+00 4.00000E-01 
4.40000E+00 1.00000E-01 
4.45000E+00 3.50000E-01 
4.50000E+00 1.00000E+00 
4.50000E+00 9.50000E-01 
4.50000E+00 9.00000E-01 
4.40000E+00 5.00000E-02 
4.50000E+00 8.50000E-01 
4.50000E+00 8.00000E-01 
4.45000E+00 3.00000E-01 
4.50000E+00 7.50000E-01 
4.50000E+00 7.00000E-01 
4.40000E+00 0.00000E+00 
4.45000E+00 2.50000E-01 
4.50000E+00 6.50000E-01 
4.50000E+00 6.00000E-01 
4.45000E+00 2.00000E-01 
4.50000E+00 5.50000E-01 
4.50000E+00 5.00000E-01 
4.45000E+00 1.50000E-01 
4.50000E+00 4.50000E-01 
4.50000E+00 4.00000E-01 
4.45000E+00 1.00000E-01 
4.50000E+00 3.50000E-01 
4.55000E+00 1.00000E+00 
4.45000E+00 5.00000E-02 
4.55000E+00 9.50000E-01 
4.55000E+00 9.00000E-01 
4.55000E+00 8.50000E-01 
4.50000E+00 3.00000E-01 
4.55000E+00 8.00000E-01 
4.55000E+00 7.50000E-01 
4.55000E+00 7.00000E-01 
4.45000E+00 0.00000E+00 
4.50000E+00 2.50000E-01 
4.55000E+00 6.50000E-01 
4.55000E+00 6.00000E-01 
4.50000E+00 2.00000E-01 
4.55000E+00 5.50000E-01 
4.55000E+00 5.00000E-01 
4.50000E+00 1.50000E-01 
4.55000E+00 4.50000E-01 
4.50000E+00 1.00000E-01 
4.55000E+00 4.00000E-01 
4.55000E+00 3.50000E-01 
4.50000E+00 5.00000E-02 
4.60000E+00 1.00000E+00 
4.60000E+00 9.50000E-01 
4.60000E+00 9.00000E-01 
4.60000E+00 8.50000E-01 
4.55000E+00 3.00000E-01 
4.60000E+00 8.00000E-01 
4.60000E+00 7.50000E-01 
4.60000E+00 7.00000E-01 
4.50000E+00 0.00000E+00 
4.55000E+00 2.50000E-01 
4.60000E+00 6.50000E-01 
4.60000E+00 6.00000E-01 
4.55000E+00 2.00000E-01 
4.60000E+00 5.50000E-01 
4.60000E+00 5.00000E-01 
4.55000E+00 1.50000E-01 
4.60000E+00 4.50000E-01 
4.55000E+00 1.00000E-01 
4.60000E+00 4.00000E-01 
4.60000E+00 3.50000E-01 
4.55000E+00 5.00000E-02 
4.60000E+00 3.00000E-01 
4.55000E+00 0.00000E+00 
4.60000E+00 2.50000E-01 
4.60000E+00 2.00000E-01 
4.60000E+00 1.50000E-01 
4.60000E+00 1.00000E-01 
4.60000E+00 5.00000E-02 
4.60000E+00 0.00000E+00 

