0.00000E+00
1.00000E+00
0.00000E+00
-8.22928E-02
1.00000E+00
0.00000E+00
1.31408E-01
-7.45395E-02
-1.09858E-01
1.00000E+00
0.00000E+00
2.97061E-01
-5.51703E-02
-1.26576E-01
-5.00644E-02
0.00000E+00
1.00000E+00
-3.95076E-02
3.69289E-01
-1.51393E-01
-1.06668E-01
3.92460E-03
-1.56648E-01
-1.47137E-01
1.00000E+00
0.00000E+00
-2.82182E-02
3.90724E-01
-8.23035E-02
2.23515E-02
-1.80249E-01
-1.32222E-01
-1.42834E-01
0.00000E+00
1.00000E+00
-2.01029E-02
3.70838E-01
4.69053E-03
-6.11196E-02
-1.63236E-01
-1.86778E-01
-1.02749E-01
-1.47628E-01
1.00000E+00
0.00000E+00
-1.73581E-01
3.00124E-01
-1.42186E-02
-1.81100E-01
-1.31320E-01
-4.41725E-02
-4.91047E-02
-1.52579E-01
-7.61492E-02
-1.63861E-01
-1.41407E-01
0.00000E+00
1.00000E+00
-9.54043E-03
-1.58088E-01
-9.92200E-02
1.35233E-01
-3.01369E-02
-1.09939E-01
-1.31635E-01
-5.30841E-02
-1.28216E-01
-1.33158E-01
-1.07566E-01
-7.02432E-02
-1.07983E-01
0.00000E+00
1.00000E+00
-4.69652E-03
-8.00540E-02
-9.93331E-02
-1.62265E-02
-1.03184E-01
-7.56702E-02
-7.65518E-02
-8.30392E-02
-3.00680E-02
-5.59956E-02
-4.07524E-02
-4.00495E-02
-7.62883E-02
-7.02681E-02
0.00000E+00
0.00000E+00
-6.14182E-02
0.00000E+00
0.00000E+00
0.00000E+00
0.00000E+00
-4.47221E-02
-2.84768E-02
0.00000E+00
0.00000E+00
-5.31031E-02
-4.42452E-02
0.00000E+00
0.00000E+00
-4.07575E-02
-2.01892E-02
0.00000E+00
0.00000E+00
-3.01296E-02
-1.42275E-02
-3.00643E-02
0.00000E+00
0.00000E+00
-9.52728E-03
-1.62116E-02
0.00000E+00
0.00000E+00
-4.68593E-03
0.00000E+00
0.00000E+00
0.00000E+00
0.00000E+00
0.00000E+00

0.00000E+00
0.00000E+00
0.00000E+00
0.00000E+00
0.00000E+00
1.00000E+00
0.00000E+00
-8.22928E-02
-7.45395E-02
-5.51703E-02
0.00000E+00
-3.95076E-02
0.00000E+00
-2.82182E-02
1.00000E+00
1.31408E-01
-1.09858E-01
-1.26576E-01
-2.01029E-02
0.00000E+00
-1.06668E-01
-1.42186E-02
-8.23035E-02
0.00000E+00
1.00000E+00
2.97061E-01
-5.00644E-02
-6.11196E-02
-9.54043E-03
-1.51393E-01
-1.56648E-01
0.00000E+00
-4.41725E-02
-1.32222E-01
-4.69652E-03
1.00000E+00
3.69289E-01
-3.01369E-02
3.92460E-03
-1.02749E-01
-1.47137E-01
0.00000E+00
-1.80249E-01
-7.61492E-02
-1.62265E-02
-1.63236E-01
-5.30841E-02
1.00000E+00
3.90724E-01
-1.31320E-01
2.23515E-02
0.00000E+00
-1.42834E-01
-9.92200E-02
-1.86778E-01
-3.00680E-02
-1.73581E-01
-7.02432E-02
1.00000E+00
3.70838E-01
0.00000E+00
-1.41407E-01
4.69053E-03
-1.47628E-01
-4.07524E-02
-1.07566E-01
-1.81100E-01
-1.63861E-01
-7.65518E-02
0.00000E+00
-1.31635E-01
1.00000E+00
3.00124E-01
-4.91047E-02
-1.52579E-01
-4.47221E-02
-9.93331E-02
-1.58088E-01
-1.33158E-01
-7.02681E-02
0.00000E+00
-1.03184E-01
1.00000E+00
1.35233E-01
-1.09939E-01
-4.07575E-02
-1.28216E-01
-7.62883E-02
-1.07983E-01
0.00000E+00
-5.31031E-02
-8.30392E-02
-6.14182E-02
1.00000E+00
-3.00643E-02
-8.00540E-02
-7.56702E-02
-4.42452E-02
-5.59956E-02
-4.00495E-02
0.00000E+00
-3.01296E-02
-2.84768E-02
-2.01892E-02
-1.62116E-02
0.00000E+00
0.00000E+00
0.00000E+00
-1.42275E-02
0.00000E+00
0.00000E+00
0.00000E+00
-9.52728E-03
0.00000E+00
0.00000E+00
-4.68593E-03
0.00000E+00
0.00000E+00
0.00000E+00
0.00000E+00
0.00000E+00

0.00000E+00
0.00000E+00
0.00000E+00
0.00000E+00
0.00000E+00
0.00000E+00
0.00000E+00
0.00000E+00
0.00000E+00
0.00000E+00
1.00000E+00
-7.14116E-02
0.00000E+00
-6.22362E-02
-4.50769E-02
-3.24495E-02
0.00000E+00
-2.41709E-02
-1.86234E-02
0.00000E+00
-1.47722E-02
-1.19526E-02
0.00000E+00
-9.80315E-03
0.00000E+00
1.00000E+00
-8.11201E-03
1.69761E-01
-6.62857E-02
-9.09553E-02
-8.21403E-02
-6.75216E-03
-6.87859E-02
0.00000E+00
-5.68973E-02
-5.64131E-03
-4.71721E-02
0.00000E+00
-3.93094E-02
-4.72040E-03
-3.28989E-02
0.00000E+00
-3.94034E-03
-2.76164E-02
1.00000E+00
3.71075E-01
3.94655E-02
-7.66529E-02
-1.05785E-01
-2.32248E-02
-3.25342E-03
-1.05373E-01
0.00000E+00
-9.59056E-02
-1.95473E-02
-8.43282E-02
-2.60744E-03
-7.30229E-02
0.00000E+00
-1.64397E-02
-6.27321E-02
-1.94317E-03
-1.37688E-02
-5.36316E-02
1.00000E+00
0.00000E+00
4.83820E-01
1.48989E-01
-2.35967E-02
-9.72523E-02
-4.56956E-02
-1.20492E-03
-1.13960E-02
-1.21780E-01
-1.23928E-01
-3.88224E-02
-1.16468E-01
-9.16739E-03
-3.93399E-04
-1.05292E-01
-3.28709E-02
-9.31349E-02
-6.91396E-03
-2.76670E-02
0.00000E+00
-8.12658E-02
1.00000E+00
5.53533E-01
2.32391E-01
3.53378E-02
-4.49309E-03
-7.02555E-02
-7.11209E-02
-2.29997E-02
-1.21020E-01
-1.38935E-01
-6.03186E-02
-1.86181E-02
-1.39783E-01
-1.93587E-03
-1.32004E-01
-5.14667E-02
-1.42436E-02
-1.20264E-01
0.00000E+00
-4.35774E-02
-1.07131E-01
1.00000E+00
5.98261E-01
2.92668E-01
-9.62889E-03
8.61618E-02
-3.64246E-02
-9.39955E-02
-4.06355E-02
-1.10717E-01
-1.43862E-01
-8.15716E-02
-2.96965E-02
-4.71275E-03
-1.54417E-01
-7.01577E-02
-1.51875E-01
-2.30173E-02
-1.42226E-01
0.00000E+00
-5.97769E-02
-1.29163E-01
1.00000E+00
6.27138E-01
-1.59989E-02
3.34439E-01
-5.02529E-02
1.25270E-01
-1.14905E-01
-1.33053E-02
-9.75252E-02
-1.00730E-01
-1.42974E-01
-4.12529E-02
-8.34095E-03
-1.62433E-01
-8.72922E-02
-1.65413E-01
-3.23165E-02
0.00000E+00
-1.58578E-01
-7.48224E-02
-1.46406E-01
-2.28860E-02
1.00000E+00
6.45199E-01
3.61731E-01
-6.32416E-02
1.52480E-01
-1.31799E-01
7.45779E-03
-8.57816E-02
-1.16548E-01
-1.23395E-02
-5.22279E-02
-1.39918E-01
-1.66233E-01
-1.01661E-01
-1.73851E-01
-4.12510E-02
0.00000E+00
-1.69665E-01
-8.75910E-02
-1.58618E-01
-2.95787E-02
1.00000E+00
6.55204E-01
-7.43742E-02
3.77239E-01
-1.44090E-01
1.68508E-01
2.02949E-02
-7.79308E-02
-1.62553E-02
-1.28264E-01
-6.17192E-02
-1.37194E-01
-1.67775E-01
-1.12441E-01
-1.78426E-01
-4.90418E-02
0.00000E+00
-1.76076E-01
-9.72624E-02
-1.65900E-01
-3.54541E-02
-8.28721E-02
1.00000E+00
6.58551E-01
3.82491E-01
-1.51552E-01
1.74000E-01
2.47463E-02
-1.97041E-02
-7.51683E-02
-6.90126E-02
-1.35462E-01
-1.36201E-01
-1.68272E-01
-1.19117E-01
-5.50624E-02
0.00000E+00
-1.79989E-01
-1.78286E-01
-1.03288E-01
-4.00130E-02
-1.68414E-01
-8.81920E-02
1.00000E+00
6.55669E-01
3.77973E-01
-1.54126E-01
1.69182E-01
-2.23836E-02
2.06889E-02
-7.35969E-02
-7.78696E-02
-1.37940E-01
-1.37400E-01
-1.68135E-01
-1.21411E-01
0.00000E+00
-5.88593E-02
-1.78834E-01
-1.05354E-01
-1.76460E-01
-4.28946E-02
-1.66221E-01
-9.00139E-02
1.00000E+00
6.46144E-01
-1.51796E-01
3.63192E-01
1.53778E-01
-2.40783E-02
8.17383E-03
-7.51659E-02
-1.35633E-01
-8.57249E-02
-1.40366E-01
-1.66955E-01
0.00000E+00
-1.19229E-01
-6.01589E-02
-1.74645E-01
-1.03356E-01
-1.70398E-01
-4.38813E-02
-1.59221E-01
-8.82292E-02
1.00000E+00
-1.44544E-01
6.28594E-01
3.36599E-01
-2.46589E-02
1.27081E-01
-1.24186E-02
-7.36157E-02
-1.28581E-01
-9.75920E-02
-1.43717E-01
0.00000E+00
-1.12645E-01
-1.63505E-01
-5.88685E-02
-1.66538E-01
-9.73837E-02
-1.59584E-01
-4.28998E-02
-1.47216E-01
-8.29376E-02
-1.32398E-01
-2.40818E-02
1.00000E+00
6.00266E-01
2.95456E-01
8.82821E-02
-6.90444E-02
-3.98080E-02
-1.16958E-01
-1.11055E-01
-1.44934E-01
0.00000E+00
-5.50770E-02
-1.01922E-01
-1.55786E-01
-1.53227E-01
-8.77420E-02
-4.00208E-02
-1.43390E-01
-1.30073E-01
-7.44526E-02
-2.23889E-02
-1.15562E-01
1.00000E+00
5.56119E-01
2.35633E-01
-6.17546E-02
3.74440E-02
-7.06292E-02
-1.01170E-01
-1.21747E-01
0.00000E+00
-1.40302E-01
-4.90559E-02
-8.75636E-02
-1.41321E-01
-1.33426E-01
-7.49741E-02
-3.54603E-02
-1.21435E-01
-6.33155E-02
-1.08015E-01
-1.97083E-02
-9.46144E-02
1.00000E+00
4.86956E-01
-5.22569E-02
1.52335E-01
-2.19575E-02
-9.73337E-02
-8.19735E-02
-1.22881E-01
0.00000E+00
-1.25426E-01
-4.12585E-02
-7.03966E-02
-1.17965E-01
-1.06584E-01
-5.99030E-02
-2.95793E-02
-9.41488E-02
-5.03080E-02
-8.20027E-02
-1.62558E-02
-7.07537E-02
-4.12683E-02
1.00000E+00
3.74601E-01
4.22865E-02
-7.59455E-02
-6.06296E-02
-1.06440E-01
0.00000E+00
-1.06603E-01
-3.23142E-02
-9.72399E-02
-5.16421E-02
-8.55273E-02
-7.39923E-02
-4.36619E-02
-2.28794E-02
-6.34570E-02
-3.64540E-02
-5.41374E-02
-1.23352E-02
-4.60239E-02
-2.96967E-02
1.00000E+00
1.73114E-01
-6.49307E-02
-9.11799E-02
0.00000E+00
-3.90173E-02
-8.29306E-02
-6.97152E-02
-2.30060E-02
-5.77549E-02
-3.29726E-02
-4.78790E-02
-3.98488E-02
-1.59866E-02
-2.77086E-02
-3.32843E-02
-2.30065E-02
-2.78742E-02
-8.33290E-03
-2.33842E-02
-1.86080E-02
1.00000E+00
-6.97186E-02
-6.23779E-02
0.00000E+00
-4.53566E-02
-1.96358E-02
-3.28209E-02
-1.42283E-02
-2.45197E-02
-1.64804E-02
-1.89137E-02
-1.49969E-02
-9.61508E-03
-1.37800E-02
-1.21163E-02
-9.91549E-03
-1.13912E-02
-4.70397E-03
-8.18399E-03
-6.79426E-03
-9.15589E-03
0.00000E+00
0.00000E+00
0.00000E+00
0.00000E+00
-5.66261E-03
0.00000E+00
0.00000E+00
-6.90153E-03
0.00000E+00
-4.72820E-03
0.00000E+00
0.00000E+00
-4.48290E-03
-3.94020E-03
0.00000E+00
0.00000E+00
-3.24935E-03
-1.92969E-03
0.00000E+00
-2.60212E-03
0.00000E+00
0.00000E+00
0.00000E+00
-1.93819E-03
0.00000E+00
-1.20106E-03
0.00000E+00
0.00000E+00
-3.91218E-04
0.00000E+00
0.00000E+00
0.00000E+00
0.00000E+00
0.00000E+00
0.00000E+00

0.00000E+00
0.00000E+00
0.00000E+00
0.00000E+00
0.00000E+00
0.00000E+00
0.00000E+00
0.00000E+00
0.00000E+00
0.00000E+00
0.00000E+00
0.00000E+00
0.00000E+00
1.00000E+00
-7.14116E-02
-6.22362E-02
-4.50769E-02
-3.24495E-02
0.00000E+00
-2.41709E-02
-1.86234E-02
-1.47722E-02
0.00000E+00
-1.19526E-02
0.00000E+00
-9.80315E-03
-8.11201E-03
0.00000E+00
-6.75216E-03
-5.64131E-03
0.00000E+00
1.00000E+00
1.69761E-01
-6.62857E-02
-9.09553E-02
-8.21403E-02
-4.72040E-03
-6.87859E-02
0.00000E+00
-5.68973E-02
-3.94034E-03
-4.71721E-02
-3.93094E-02
0.00000E+00
-3.25342E-03
-3.28989E-02
-2.76164E-02
0.00000E+00
-2.60744E-03
-2.32248E-02
-1.94317E-03
-1.95473E-02
1.00000E+00
3.71075E-01
3.94655E-02
-7.66529E-02
-1.05785E-01
-1.64397E-02
-1.05373E-01
-1.20492E-03
-9.59056E-02
-1.37688E-02
-8.43282E-02
-7.30229E-02
-3.93399E-04
-1.13960E-02
-6.27321E-02
-5.36316E-02
0.00000E+00
-9.16739E-03
-4.56956E-02
-6.91396E-03
-3.88224E-02
1.00000E+00
4.83820E-01
1.48989E-01
-2.35967E-02
-9.72523E-02
-3.28709E-02
-4.49309E-03
-1.21780E-01
-1.23928E-01
-2.76670E-02
-1.16468E-01
-1.93587E-03
-1.05292E-01
-2.29997E-02
-9.31349E-02
-8.12658E-02
0.00000E+00
-1.86181E-02
-7.02555E-02
-1.42436E-02
-6.03186E-02
1.00000E+00
5.53533E-01
2.32391E-01
3.53378E-02
-5.14667E-02
-7.11209E-02
-9.62889E-03
-1.21020E-01
-1.38935E-01
-4.35774E-02
-1.39783E-01
-4.71275E-03
-1.32004E-01
-3.64246E-02
-1.20264E-01
0.00000E+00
-1.07131E-01
-2.96965E-02
-9.39955E-02
-2.30173E-02
-8.15716E-02
1.00000E+00
5.98261E-01
2.92668E-01
8.61618E-02
-7.01577E-02
-1.59989E-02
-4.06355E-02
-1.10717E-01
-1.43862E-01
-5.97769E-02
-1.54417E-01
-8.34095E-03
-1.51875E-01
-5.02529E-02
-1.42226E-01
0.00000E+00
-1.29163E-01
-4.12529E-02
-1.14905E-01
-3.23165E-02
-1.00730E-01
1.00000E+00
6.27138E-01
3.34439E-01
1.25270E-01
-8.72922E-02
-2.28860E-02
-1.33053E-02
-9.75252E-02
-1.42974E-01
-7.48224E-02
-1.23395E-02
-1.62433E-01
-1.65413E-01
-6.32416E-02
-1.58578E-01
0.00000E+00
-5.22279E-02
-1.46406E-01
-1.31799E-01
-4.12510E-02
-1.16548E-01
1.00000E+00
6.45199E-01
3.61731E-01
-2.95787E-02
1.52480E-01
-1.01661E-01
7.45779E-03
-8.57816E-02
-1.39918E-01
-8.75910E-02
-1.62553E-02
-1.66233E-01
-1.73851E-01
-7.43742E-02
-1.69665E-01
0.00000E+00
-6.17192E-02
-1.58618E-01
-1.44090E-01
-4.90418E-02
-1.28264E-01
1.00000E+00
6.55204E-01
-3.54541E-02
3.77239E-01
-1.12441E-01
1.68508E-01
2.02949E-02
-7.79308E-02
-9.72624E-02
-1.37194E-01
-1.97041E-02
-1.67775E-01
-1.78426E-01
-8.28721E-02
0.00000E+00
-1.76076E-01
-6.90126E-02
-1.65900E-01
-1.51552E-01
-5.50624E-02
-1.35462E-01
1.00000E+00
-4.00130E-02
6.58551E-01
3.82491E-01
-1.19117E-01
1.74000E-01
2.47463E-02
-7.51683E-02
-1.03288E-01
-1.36201E-01
-2.23836E-02
-1.68272E-01
-8.81920E-02
-1.79989E-01
0.00000E+00
-1.78286E-01
-7.35969E-02
-1.68414E-01
-1.54126E-01
-5.88593E-02
-1.37940E-01
-4.28946E-02
1.00000E+00
6.55669E-01
3.77973E-01
-1.21411E-01
1.69182E-01
2.06889E-02
-7.78696E-02
-1.05354E-01
-2.40783E-02
-1.37400E-01
-1.68135E-01
-9.00139E-02
-1.78834E-01
0.00000E+00
-1.76460E-01
-7.51659E-02
-1.66221E-01
-1.51796E-01
-6.01589E-02
-1.35633E-01
-4.38813E-02
1.00000E+00
6.46144E-01
-1.19229E-01
3.63192E-01
1.53778E-01
8.17383E-03
-8.57249E-02
-2.46589E-02
-1.03356E-01
-1.40366E-01
-1.66955E-01
-8.82292E-02
-1.74645E-01
0.00000E+00
-1.70398E-01
-7.36157E-02
-1.59221E-01
-1.44544E-01
-5.88685E-02
-1.28581E-01
-4.28998E-02
1.00000E+00
-1.12645E-01
6.28594E-01
3.36599E-01
1.27081E-01
-1.24186E-02
-9.75920E-02
-2.40818E-02
-9.73837E-02
-1.43717E-01
-1.63505E-01
-8.29376E-02
-1.66538E-01
0.00000E+00
-1.59584E-01
-6.90444E-02
-1.47216E-01
-5.50770E-02
-1.32398E-01
-1.16958E-01
-4.00208E-02
-1.01922E-01
1.00000E+00
6.00266E-01
2.95456E-01
8.82821E-02
-3.98080E-02
-2.23889E-02
-8.77420E-02
-1.11055E-01
-1.44934E-01
-1.55786E-01
-7.44526E-02
0.00000E+00
-1.53227E-01
-1.43390E-01
-6.17546E-02
-1.30073E-01
-4.90559E-02
-1.15562E-01
-1.01170E-01
-3.54603E-02
-8.75636E-02
1.00000E+00
5.56119E-01
2.35633E-01
3.74440E-02
-7.06292E-02
-1.97083E-02
-7.49741E-02
-1.21747E-01
-1.40302E-01
-1.41321E-01
-6.33155E-02
0.00000E+00
-1.33426E-01
-1.21435E-01
-5.22569E-02
-1.08015E-01
-4.12585E-02
-9.46144E-02
-8.19735E-02
-2.95793E-02
-7.03966E-02
1.00000E+00
4.86956E-01
1.52335E-01
-2.19575E-02
-1.62558E-02
-9.73337E-02
-5.99030E-02
-1.22881E-01
-1.25426E-01
-1.17965E-01
-5.03080E-02
0.00000E+00
-1.06584E-01
-9.41488E-02
-4.12683E-02
-8.20027E-02
-3.23142E-02
-7.07537E-02
-6.06296E-02
-2.28794E-02
-5.16421E-02
1.00000E+00
3.74601E-01
4.22865E-02
-7.59455E-02
-1.23352E-02
-1.06440E-01
-4.36619E-02
-1.06603E-01
-9.72399E-02
-3.64540E-02
0.00000E+00
-8.55273E-02
-7.39923E-02
-2.96967E-02
-6.34570E-02
-5.41374E-02
-2.30060E-02
-4.60239E-02
-3.90173E-02
-1.59866E-02
-3.29726E-02
1.00000E+00
1.73114E-01
-6.49307E-02
-8.33290E-03
-9.11799E-02
-8.29306E-02
-2.77086E-02
-6.97152E-02
-5.77549E-02
0.00000E+00
-2.30065E-02
-4.78790E-02
-3.98488E-02
-1.86080E-02
-3.32843E-02
-2.78742E-02
-1.42283E-02
-2.33842E-02
-1.96358E-02
-9.61508E-03
-1.64804E-02
1.00000E+00
-4.70397E-03
-6.97186E-02
-6.23779E-02
-4.53566E-02
-1.37800E-02
-3.28209E-02
-2.45197E-02
-1.89137E-02
0.00000E+00
-1.13912E-02
-1.49969E-02
-1.21163E-02
-9.15589E-03
-9.91549E-03
-8.18399E-03
-6.90153E-03
-6.79426E-03
-4.48290E-03
-5.66261E-03
-4.72820E-03
-1.92969E-03
0.00000E+00
0.00000E+00
0.00000E+00
0.00000E+00
-3.94020E-03
0.00000E+00
0.00000E+00
0.00000E+00
0.00000E+00
-3.24935E-03
0.00000E+00
0.00000E+00
-2.60212E-03
0.00000E+00
0.00000E+00
-1.93819E-03
0.00000E+00
-1.20106E-03
0.00000E+00
0.00000E+00
-3.91218E-04
0.00000E+00
0.00000E+00
0.00000E+00
0.00000E+00
0.00000E+00
0.00000E+00
0.00000E+00
0.00000E+00

0.00000E+00
1.00000E+00
0.00000E+00
-7.39881E-02
1.00000E+00
0.00000E+00
1.58117E-01
-6.94813E-02
-9.30171E-02
1.00000E+00
0.00000E+00
3.41490E-01
-5.51232E-02
-1.25146E-01
-1.84825E-02
0.00000E+00
1.00000E+00
-4.22273E-02
4.24988E-01
-1.45972E-01
-1.14674E-01
4.67554E-02
-1.68993E-01
-1.37344E-01
1.00000E+00
0.00000E+00
-3.18585E-02
4.50340E-01
-9.38931E-02
6.93687E-02
-1.94744E-01
-1.52123E-01
-1.31204E-01
0.00000E+00
1.00000E+00
-2.35452E-02
4.26872E-01
4.78187E-02
-7.24828E-02
-1.88862E-01
-2.01908E-01
-1.23060E-01
-1.37856E-01
1.00000E+00
0.00000E+00
-2.01264E-01
3.45138E-01
-1.68657E-02
-1.95810E-01
-1.58279E-01
-5.32146E-02
-1.70993E-02
-1.47270E-01
-9.28339E-02
-1.89693E-01
-1.70825E-01
0.00000E+00
1.00000E+00
-1.10696E-02
-1.70795E-01
-1.21849E-01
1.62636E-01
-3.58056E-02
-9.28271E-02
-1.58712E-01
-6.41618E-02
-1.27012E-01
-1.53370E-01
-1.32429E-01
-8.57618E-02
-1.16342E-01
0.00000E+00
1.00000E+00
-4.99413E-03
-7.13848E-02
-1.22004E-01
-1.82502E-02
-1.23660E-01
-7.06027E-02
-9.37734E-02
-9.48816E-02
-3.49273E-02
-5.60974E-02
-4.81475E-02
-4.29275E-02
-9.30244E-02
-8.57923E-02
0.00000E+00
0.00000E+00
-7.28971E-02
0.00000E+00
0.00000E+00
0.00000E+00
0.00000E+00
-5.31168E-02
-3.22122E-02
0.00000E+00
0.00000E+00
-6.41811E-02
-5.33125E-02
0.00000E+00
0.00000E+00
-4.81506E-02
-2.36665E-02
0.00000E+00
0.00000E+00
-3.57882E-02
-1.68766E-02
-3.49154E-02
0.00000E+00
0.00000E+00
-1.10479E-02
-1.82228E-02
0.00000E+00
0.00000E+00
-4.97654E-03
0.00000E+00
0.00000E+00
0.00000E+00
0.00000E+00
0.00000E+00

0.00000E+00
0.00000E+00
0.00000E+00
0.00000E+00
0.00000E+00
1.00000E+00
0.00000E+00
-7.39881E-02
-6.94813E-02
-5.51232E-02
0.00000E+00
-4.22273E-02
0.00000E+00
-3.18585E-02
1.00000E+00
1.58117E-01
-9.30171E-02
-1.25146E-01
-2.35452E-02
0.00000E+00
-1.14674E-01
-1.68657E-02
-9.38931E-02
0.00000E+00
1.00000E+00
3.41490E-01
-1.84825E-02
-7.24828E-02
-1.10696E-02
-1.45972E-01
-1.68993E-01
0.00000E+00
-5.32146E-02
-1.52123E-01
-4.99413E-03
1.00000E+00
4.24988E-01
-3.58056E-02
4.67554E-02
-1.23060E-01
-1.37344E-01
0.00000E+00
-1.94744E-01
-9.28339E-02
-1.82502E-02
-1.88862E-01
-6.41618E-02
1.00000E+00
4.50340E-01
-1.58279E-01
6.93687E-02
0.00000E+00
-1.31204E-01
-1.21849E-01
-2.01908E-01
-3.49273E-02
-2.01264E-01
-8.57618E-02
1.00000E+00
4.26872E-01
0.00000E+00
-1.70825E-01
4.78187E-02
-1.37856E-01
-4.81475E-02
-1.32429E-01
-1.95810E-01
-1.89693E-01
-9.37734E-02
0.00000E+00
-1.58712E-01
1.00000E+00
3.45138E-01
-1.70993E-02
-1.47270E-01
-5.31168E-02
-1.22004E-01
-1.70795E-01
-1.53370E-01
-8.57923E-02
0.00000E+00
-1.23660E-01
1.00000E+00
1.62636E-01
-9.28271E-02
-4.81506E-02
-1.27012E-01
-9.30244E-02
-1.16342E-01
0.00000E+00
-6.41811E-02
-9.48816E-02
-7.28971E-02
1.00000E+00
-3.49154E-02
-7.13848E-02
-7.06027E-02
-5.33125E-02
-5.60974E-02
-4.29275E-02
0.00000E+00
-3.57882E-02
-3.22122E-02
-2.36665E-02
-1.82228E-02
0.00000E+00
0.00000E+00
0.00000E+00
-1.68766E-02
0.00000E+00
0.00000E+00
0.00000E+00
-1.10479E-02
0.00000E+00
0.00000E+00
-4.97654E-03
0.00000E+00
0.00000E+00
0.00000E+00
0.00000E+00
0.00000E+00

0.00000E+00
0.00000E+00
0.00000E+00
0.00000E+00
0.00000E+00
0.00000E+00
0.00000E+00
0.00000E+00
0.00000E+00
0.00000E+00
1.00000E+00
-6.86359E-02
0.00000E+00
-5.93363E-02
-4.31592E-02
-3.14665E-02
0.00000E+00
-2.39342E-02
-1.89415E-02
0.00000E+00
-1.54743E-02
-1.28948E-02
0.00000E+00
-1.08700E-02
0.00000E+00
1.00000E+00
-9.21450E-03
1.79626E-01
-5.60818E-02
-8.38556E-02
-7.83046E-02
-7.82394E-03
-6.76654E-02
0.00000E+00
-5.78330E-02
-6.63448E-03
-4.95511E-02
0.00000E+00
-4.26087E-02
-5.60060E-03
-3.66949E-02
0.00000E+00
-4.68217E-03
-3.15798E-02
1.00000E+00
3.89601E-01
6.00874E-02
-6.13419E-02
-9.69081E-02
-2.71088E-02
-3.83653E-03
-1.02163E-01
0.00000E+00
-9.71195E-02
-2.31722E-02
-8.87151E-02
-3.01460E-03
-7.94839E-02
0.00000E+00
-1.96765E-02
-7.03633E-02
-2.16256E-03
-1.65238E-02
-6.17231E-02
1.00000E+00
0.00000E+00
5.10551E-01
1.80827E-01
1.66657E-03
-8.15235E-02
-5.37112E-02
-1.24172E-03
-1.35981E-02
-1.15077E-01
-1.24566E-01
-4.63695E-02
-1.22528E-01
-1.07620E-02
-3.08944E-04
-1.14998E-01
-3.96681E-02
-1.04988E-01
-7.87101E-03
-3.35132E-02
0.00000E+00
-9.40713E-02
1.00000E+00
5.87332E-01
2.74693E-01
7.07848E-02
-4.84233E-03
-8.31005E-02
-4.76744E-02
-2.77488E-02
-1.09782E-01
-1.38076E-01
-7.25306E-02
-2.21672E-02
-1.46838E-01
-1.85433E-03
-1.44541E-01
-6.25635E-02
-1.65437E-02
-1.36156E-01
0.00000E+00
-5.32181E-02
-1.24646E-01
1.00000E+00
6.37778E-01
3.43897E-01
-1.07357E-02
1.30880E-01
-4.43699E-02
-1.11794E-01
-9.62083E-03
-9.45718E-02
-1.40876E-01
-9.86583E-02
-3.57860E-02
-4.90199E-03
-1.61777E-01
-8.58176E-02
-1.66594E-01
-2.71764E-02
-1.61597E-01
0.00000E+00
-7.35078E-02
-1.50930E-01
1.00000E+00
6.71013E-01
-1.82914E-02
3.92729E-01
-6.17086E-02
1.77659E-01
-1.37299E-01
2.43106E-02
-7.67951E-02
-1.22424E-01
-1.37692E-01
-5.02065E-02
-9.08732E-03
-1.69605E-01
-1.07329E-01
-1.81647E-01
-3.86564E-02
0.00000E+00
-1.80685E-01
-9.25317E-02
-1.71676E-01
-2.66570E-02
1.00000E+00
6.92129E-01
4.25093E-01
-7.81646E-02
2.10555E-01
-1.58075E-01
5.01471E-02
-6.13627E-02
-1.42199E-01
-1.38474E-02
-6.40661E-02
-1.32626E-01
-1.73011E-01
-1.25507E-01
-1.91034E-01
-4.98445E-02
0.00000E+00
-1.93716E-01
-1.08802E-01
-1.86477E-01
-3.49300E-02
1.00000E+00
7.03951E-01
-9.23864E-02
4.43672E-01
-1.73294E-01
2.30096E-01
6.61869E-02
-5.11220E-02
-1.86106E-02
-1.56941E-01
-7.61635E-02
-1.28543E-01
-1.74212E-01
-1.39226E-01
-1.96132E-01
-5.97058E-02
0.00000E+00
-2.01299E-01
-1.21199E-01
-1.95357E-01
-4.22858E-02
-1.03310E-01
1.00000E+00
7.07923E-01
4.50004E-01
-1.82585E-01
2.36841E-01
7.17858E-02
-2.28693E-02
-4.75066E-02
-8.55229E-02
-1.66040E-01
-1.27071E-01
-1.74599E-01
-1.47760E-01
-6.73856E-02
0.00000E+00
-1.97896E-01
-2.03939E-01
-1.28956E-01
-4.80447E-02
-1.98448E-01
-1.10178E-01
1.00000E+00
7.04494E-01
4.44582E-01
-1.85811E-01
2.30983E-01
-2.62123E-02
6.67534E-02
-9.14324E-02
-5.09749E-02
-1.69190E-01
-1.28755E-01
-1.74651E-01
-1.50704E-01
0.00000E+00
-7.22531E-02
-1.96661E-01
-1.31624E-01
-2.01814E-01
-5.17055E-02
-1.95798E-01
-1.12535E-01
1.00000E+00
6.93234E-01
-1.82927E-01
4.26902E-01
2.12262E-01
-2.83402E-02
5.11825E-02
-9.34594E-02
-1.66284E-01
-6.11559E-02
-1.33103E-01
-1.73896E-01
0.00000E+00
-1.47920E-01
-7.39228E-02
-1.92064E-01
-1.29051E-01
-1.94700E-01
-5.29621E-02
-1.87306E-01
-1.10229E-01
1.00000E+00
-1.73930E-01
6.72715E-01
3.95396E-01
-2.90713E-02
1.80036E-01
2.56174E-02
-9.14565E-02
-1.57389E-01
-7.66904E-02
-1.38508E-01
0.00000E+00
-1.39517E-01
-1.70926E-01
-7.22633E-02
-1.83106E-01
-1.21370E-01
-1.82036E-01
-5.17105E-02
-1.72790E-01
-1.03400E-01
-1.58915E-01
-2.83437E-02
1.00000E+00
6.40116E-01
3.47325E-01
1.33669E-01
-8.55631E-02
-8.33903E-03
-1.42781E-01
-9.47706E-02
-1.42088E-01
0.00000E+00
-6.74009E-02
-1.25877E-01
-1.63469E-01
-1.68349E-01
-1.09014E-01
-4.80510E-02
-1.63160E-01
-1.52183E-01
-9.24926E-02
-2.62167E-02
-1.38220E-01
1.00000E+00
5.90332E-01
2.78651E-01
-7.62066E-02
7.35770E-02
-4.67764E-02
-1.23047E-01
-1.10447E-01
0.00000E+00
-1.39653E-01
-5.97179E-02
-1.07714E-01
-1.48749E-01
-1.46390E-01
-9.27438E-02
-4.22878E-02
-1.37729E-01
-7.82629E-02
-1.25864E-01
-2.28708E-02
-1.12663E-01
1.00000E+00
5.14153E-01
-6.40984E-02
1.84888E-01
3.91228E-03
-8.13197E-02
-9.92283E-02
-1.16211E-01
0.00000E+00
-1.26321E-01
-4.98457E-02
-8.61561E-02
-1.24395E-01
-1.16683E-01
-7.36828E-02
-3.49226E-02
-1.06355E-01
-6.17790E-02
-9.50904E-02
-1.86059E-02
-8.38019E-02
-5.02187E-02
1.00000E+00
3.93579E-01
6.35089E-02
-6.02096E-02
-7.29726E-02
-9.74261E-02
0.00000E+00
-1.03494E-01
-3.86430E-02
-9.87002E-02
-6.28117E-02
-9.02197E-02
-8.07539E-02
-5.33338E-02
-2.66388E-02
-7.13455E-02
-4.44041E-02
-6.24264E-02
-1.38355E-02
-5.41758E-02
-3.57771E-02
1.00000E+00
1.83333E-01
-5.43579E-02
-8.38788E-02
0.00000E+00
-4.66475E-02
-7.90711E-02
-6.86977E-02
-2.71511E-02
-5.88602E-02
-3.98119E-02
-5.04455E-02
-4.33211E-02
-1.82658E-02
-3.35685E-02
-3.72217E-02
-2.77522E-02
-3.19414E-02
-9.07060E-03
-2.73364E-02
-2.21456E-02
1.00000E+00
-6.67969E-02
-5.93655E-02
0.00000E+00
-4.33903E-02
-2.32993E-02
-3.18470E-02
-1.65147E-02
-2.43287E-02
-1.97339E-02
-1.92934E-02
-1.57618E-02
-1.07099E-02
-1.65373E-02
-1.31136E-02
-1.10254E-02
-1.35875E-02
-4.88562E-03
-9.31674E-03
-7.88483E-03
-1.07414E-02
0.00000E+00
0.00000E+00
0.00000E+00
0.00000E+00
-6.66543E-03
0.00000E+00
0.00000E+00
-7.84920E-03
0.00000E+00
-5.61157E-03
0.00000E+00
0.00000E+00
-4.82440E-03
-4.68114E-03
0.00000E+00
0.00000E+00
-3.82948E-03
-1.84346E-03
0.00000E+00
-3.00564E-03
0.00000E+00
0.00000E+00
0.00000E+00
-2.15415E-03
0.00000E+00
-1.23515E-03
0.00000E+00
0.00000E+00
-3.05248E-04
0.00000E+00
0.00000E+00
0.00000E+00
0.00000E+00
0.00000E+00
0.00000E+00

0.00000E+00
0.00000E+00
0.00000E+00
0.00000E+00
0.00000E+00
0.00000E+00
0.00000E+00
0.00000E+00
0.00000E+00
0.00000E+00
0.00000E+00
0.00000E+00
0.00000E+00
1.00000E+00
-6.86359E-02
-5.93363E-02
-4.31592E-02
-3.14665E-02
0.00000E+00
-2.39342E-02
-1.89415E-02
-1.54743E-02
0.00000E+00
-1.28948E-02
0.00000E+00
-1.08700E-02
-9.21450E-03
0.00000E+00
-7.82394E-03
-6.63448E-03
0.00000E+00
1.00000E+00
1.79626E-01
-5.60818E-02
-8.38556E-02
-7.83046E-02
-5.60060E-03
-6.76654E-02
0.00000E+00
-5.78330E-02
-4.68217E-03
-4.95511E-02
-4.26087E-02
0.00000E+00
-3.83653E-03
-3.66949E-02
-3.15798E-02
0.00000E+00
-3.01460E-03
-2.71088E-02
-2.16256E-03
-2.31722E-02
1.00000E+00
3.89601E-01
6.00874E-02
-6.13419E-02
-9.69081E-02
-1.96765E-02
-1.02163E-01
-1.24172E-03
-9.71195E-02
-1.65238E-02
-8.87151E-02
-7.94839E-02
-3.08944E-04
-1.35981E-02
-7.03633E-02
-6.17231E-02
0.00000E+00
-1.07620E-02
-5.37112E-02
-7.87101E-03
-4.63695E-02
1.00000E+00
5.10551E-01
1.80827E-01
1.66657E-03
-8.15235E-02
-3.96681E-02
-4.84233E-03
-1.15077E-01
-1.24566E-01
-3.35132E-02
-1.22528E-01
-1.85433E-03
-1.14998E-01
-2.77488E-02
-1.04988E-01
-9.40713E-02
0.00000E+00
-2.21672E-02
-8.31005E-02
-1.65437E-02
-7.25306E-02
1.00000E+00
5.87332E-01
2.74693E-01
7.07848E-02
-6.25635E-02
-4.76744E-02
-1.07357E-02
-1.09782E-01
-1.38076E-01
-5.32181E-02
-1.46838E-01
-4.90199E-03
-1.44541E-01
-4.43699E-02
-1.36156E-01
0.00000E+00
-1.24646E-01
-3.57860E-02
-1.11794E-01
-2.71764E-02
-9.86583E-02
1.00000E+00
6.37778E-01
3.43897E-01
1.30880E-01
-8.58176E-02
-1.82914E-02
-9.62083E-03
-9.45718E-02
-1.40876E-01
-7.35078E-02
-1.61777E-01
-9.08732E-03
-1.66594E-01
-6.17086E-02
-1.61597E-01
0.00000E+00
-1.50930E-01
-5.02065E-02
-1.37299E-01
-3.86564E-02
-1.22424E-01
1.00000E+00
6.71013E-01
3.92729E-01
1.77659E-01
-1.07329E-01
-2.66570E-02
2.43106E-02
-7.67951E-02
-1.37692E-01
-9.25317E-02
-1.38474E-02
-1.69605E-01
-1.81647E-01
-7.81646E-02
-1.80685E-01
0.00000E+00
-6.40661E-02
-1.71676E-01
-1.58075E-01
-4.98445E-02
-1.42199E-01
1.00000E+00
6.92129E-01
4.25093E-01
-3.49300E-02
2.10555E-01
-1.25507E-01
5.01471E-02
-6.13627E-02
-1.32626E-01
-1.08802E-01
-1.86106E-02
-1.73011E-01
-1.91034E-01
-9.23864E-02
-1.93716E-01
0.00000E+00
-7.61635E-02
-1.86477E-01
-1.73294E-01
-5.97058E-02
-1.56941E-01
1.00000E+00
7.03951E-01
-4.22858E-02
4.43672E-01
-1.39226E-01
2.30096E-01
6.61869E-02
-5.11220E-02
-1.21199E-01
-1.28543E-01
-2.28693E-02
-1.74212E-01
-1.96132E-01
-1.03310E-01
0.00000E+00
-2.01299E-01
-8.55229E-02
-1.95357E-01
-1.82585E-01
-6.73856E-02
-1.66040E-01
1.00000E+00
-4.80447E-02
7.07923E-01
4.50004E-01
-1.47760E-01
2.36841E-01
7.17858E-02
-4.75066E-02
-1.28956E-01
-1.27071E-01
-2.62123E-02
-1.74599E-01
-1.10178E-01
-1.97896E-01
0.00000E+00
-2.03939E-01
-9.14324E-02
-1.98448E-01
-1.85811E-01
-7.22531E-02
-1.69190E-01
-5.17055E-02
1.00000E+00
7.04494E-01
4.44582E-01
-1.50704E-01
2.30983E-01
6.67534E-02
-5.09749E-02
-1.31624E-01
-2.83402E-02
-1.28755E-01
-1.74651E-01
-1.12535E-01
-1.96661E-01
0.00000E+00
-2.01814E-01
-9.34594E-02
-1.95798E-01
-1.82927E-01
-7.39228E-02
-1.66284E-01
-5.29621E-02
1.00000E+00
6.93234E-01
-1.47920E-01
4.26902E-01
2.12262E-01
5.11825E-02
-6.11559E-02
-2.90713E-02
-1.29051E-01
-1.33103E-01
-1.73896E-01
-1.10229E-01
-1.92064E-01
0.00000E+00
-1.94700E-01
-9.14565E-02
-1.87306E-01
-1.73930E-01
-7.22633E-02
-1.57389E-01
-5.17105E-02
1.00000E+00
-1.39517E-01
6.72715E-01
3.95396E-01
1.80036E-01
2.56174E-02
-7.66904E-02
-2.83437E-02
-1.21370E-01
-1.38508E-01
-1.70926E-01
-1.03400E-01
-1.83106E-01
0.00000E+00
-1.82036E-01
-8.55631E-02
-1.72790E-01
-6.74009E-02
-1.58915E-01
-1.42781E-01
-4.80510E-02
-1.25877E-01
1.00000E+00
6.40116E-01
3.47325E-01
1.33669E-01
-8.33903E-03
-2.62167E-02
-1.09014E-01
-9.47706E-02
-1.42088E-01
-1.63469E-01
-9.24926E-02
0.00000E+00
-1.68349E-01
-1.63160E-01
-7.62066E-02
-1.52183E-01
-5.97179E-02
-1.38220E-01
-1.23047E-01
-4.22878E-02
-1.07714E-01
1.00000E+00
5.90332E-01
2.78651E-01
7.35770E-02
-4.67764E-02
-2.28708E-02
-9.27438E-02
-1.10447E-01
-1.39653E-01
-1.48749E-01
-7.82629E-02
0.00000E+00
-1.46390E-01
-1.37729E-01
-6.40984E-02
-1.25864E-01
-4.98457E-02
-1.12663E-01
-9.92283E-02
-3.49226E-02
-8.61561E-02
1.00000E+00
5.14153E-01
1.84888E-01
3.91228E-03
-1.86059E-02
-8.13197E-02
-7.36828E-02
-1.16211E-01
-1.26321E-01
-1.24395E-01
-6.17790E-02
0.00000E+00
-1.16683E-01
-1.06355E-01
-5.02187E-02
-9.50904E-02
-3.86430E-02
-8.38019E-02
-7.29726E-02
-2.66388E-02
-6.28117E-02
1.00000E+00
3.93579E-01
6.35089E-02
-6.02096E-02
-1.38355E-02
-9.74261E-02
-5.33338E-02
-1.03494E-01
-9.87002E-02
-4.44041E-02
0.00000E+00
-9.02197E-02
-8.07539E-02
-3.57771E-02
-7.13455E-02
-6.24264E-02
-2.71511E-02
-5.41758E-02
-4.66475E-02
-1.82658E-02
-3.98119E-02
1.00000E+00
1.83333E-01
-5.43579E-02
-9.07060E-03
-8.38788E-02
-7.90711E-02
-3.35685E-02
-6.86977E-02
-5.88602E-02
0.00000E+00
-2.77522E-02
-5.04455E-02
-4.33211E-02
-2.21456E-02
-3.72217E-02
-3.19414E-02
-1.65147E-02
-2.73364E-02
-2.32993E-02
-1.07099E-02
-1.97339E-02
1.00000E+00
-4.88562E-03
-6.67969E-02
-5.93655E-02
-4.33903E-02
-1.65373E-02
-3.18470E-02
-2.43287E-02
-1.92934E-02
0.00000E+00
-1.35875E-02
-1.57618E-02
-1.31136E-02
-1.07414E-02
-1.10254E-02
-9.31674E-03
-7.84920E-03
-7.88483E-03
-4.82440E-03
-6.66543E-03
-5.61157E-03
-1.84346E-03
0.00000E+00
0.00000E+00
0.00000E+00
0.00000E+00
-4.68114E-03
0.00000E+00
0.00000E+00
0.00000E+00
0.00000E+00
-3.82948E-03
0.00000E+00
0.00000E+00
-3.00564E-03
0.00000E+00
0.00000E+00
-2.15415E-03
0.00000E+00
-1.23515E-03
0.00000E+00
0.00000E+00
-3.05248E-04
0.00000E+00
0.00000E+00
0.00000E+00
0.00000E+00
0.00000E+00
0.00000E+00
0.00000E+00
0.00000E+00

