0.00000E+00
0.00000E+00
0.00000E+00
3.69435E-01
0.00000E+00
0.00000E+00
1.29054E-01
3.54235E-01
2.70485E-01
0.00000E+00
0.00000E+00
5.85975E-02
2.51251E-01
2.66234E-01
1.47119E-01
0.00000E+00
0.00000E+00
1.71029E-01
2.41997E-02
1.80862E-01
2.07728E-01
6.45911E-02
1.61759E-01
8.73395E-02
0.00000E+00
0.00000E+00
1.12132E-01
4.36155E-04
1.46750E-01
1.08060E-03
8.46295E-02
1.22897E-01
1.18712E-03
0.00000E+00
0.00000E+00
6.94192E-02
-2.33284E-02
-6.25999E-02
9.53112E-02
6.76875E-02
8.49346E-04
8.34628E-02
-8.53716E-02
0.00000E+00
0.00000E+00
4.48675E-04
-5.79284E-02
3.88432E-02
-8.33578E-02
4.73784E-02
5.56659E-02
-1.45841E-01
-1.80213E-01
5.03104E-02
-6.70808E-02
1.82672E-04
0.00000E+00
0.00000E+00
1.75955E-02
-1.61653E-01
2.91225E-02
-1.28457E-01
2.67754E-02
-2.71087E-01
-4.71611E-02
2.48678E-02
-2.67681E-01
-1.22973E-01
5.73920E-05
1.45891E-02
-2.08817E-01
0.00000E+00
0.00000E+00
4.69394E-03
-3.70430E-01
-2.90702E-02
7.91529E-03
-8.35515E-02
-3.57883E-01
1.48477E-05
-1.47328E-01
7.49209E-03
-2.53576E-01
4.42599E-03
-1.72172E-01
-5.03689E-02
-1.45830E-02
0.00000E+00
0.00000E+00
-9.55487E-02
0.00000E+00
0.00000E+00
0.00000E+00
0.00000E+00
3.95929E-06
-1.12544E-01
0.00000E+00
0.00000E+00
-2.48970E-02
-5.57419E-02
0.00000E+00
0.00000E+00
-4.42520E-03
-6.95052E-02
0.00000E+00
0.00000E+00
-2.67942E-02
-3.88261E-02
-7.50147E-03
0.00000E+00
0.00000E+00
-1.75710E-02
-7.91909E-03
0.00000E+00
0.00000E+00
-4.68445E-03
0.00000E+00
0.00000E+00
0.00000E+00
0.00000E+00
0.00000E+00

0.00000E+00
0.00000E+00
0.00000E+00
0.00000E+00
0.00000E+00
0.00000E+00
0.00000E+00
3.69435E-01
3.54235E-01
2.51251E-01
0.00000E+00
1.71029E-01
0.00000E+00
1.12132E-01
0.00000E+00
1.29054E-01
2.70485E-01
2.66234E-01
6.94192E-02
0.00000E+00
2.07728E-01
3.88432E-02
1.46750E-01
0.00000E+00
0.00000E+00
5.85975E-02
1.47119E-01
9.53112E-02
1.75955E-02
1.80862E-01
1.61759E-01
0.00000E+00
5.56659E-02
1.22897E-01
4.69394E-03
0.00000E+00
2.41997E-02
2.67754E-02
6.45911E-02
8.34628E-02
8.73395E-02
0.00000E+00
8.46295E-02
5.03104E-02
7.91529E-03
6.76875E-02
2.48678E-02
0.00000E+00
4.36155E-04
4.73784E-02
1.08060E-03
0.00000E+00
1.18712E-03
2.91225E-02
8.49346E-04
7.49209E-03
4.48675E-04
1.45891E-02
0.00000E+00
-2.33284E-02
0.00000E+00
1.82672E-04
-6.25999E-02
-8.53716E-02
4.42599E-03
5.73920E-05
-8.33578E-02
-6.70808E-02
1.48477E-05
0.00000E+00
-4.71611E-02
0.00000E+00
-5.79284E-02
-1.45841E-01
-1.80213E-01
3.95929E-06
-2.90702E-02
-1.61653E-01
-1.22973E-01
-1.45830E-02
0.00000E+00
-8.35515E-02
0.00000E+00
-1.28457E-01
-2.71087E-01
-4.42520E-03
-2.67681E-01
-5.03689E-02
-2.08817E-01
0.00000E+00
-2.48970E-02
-1.47328E-01
-9.55487E-02
0.00000E+00
-7.50147E-03
-3.70430E-01
-3.57883E-01
-5.57419E-02
-2.53576E-01
-1.72172E-01
0.00000E+00
-2.67942E-02
-1.12544E-01
-6.95052E-02
-7.91909E-03
0.00000E+00
0.00000E+00
0.00000E+00
-3.88261E-02
0.00000E+00
0.00000E+00
0.00000E+00
-1.75710E-02
0.00000E+00
0.00000E+00
-4.68445E-03
0.00000E+00
0.00000E+00
0.00000E+00
0.00000E+00
0.00000E+00

0.00000E+00
0.00000E+00
0.00000E+00
0.00000E+00
0.00000E+00
0.00000E+00
0.00000E+00
0.00000E+00
0.00000E+00
0.00000E+00
0.00000E+00
3.81679E-01
0.00000E+00
3.88321E-01
3.05716E-01
2.40996E-01
0.00000E+00
1.92063E-01
1.54184E-01
0.00000E+00
1.24206E-01
9.99946E-02
0.00000E+00
8.01621E-02
0.00000E+00
0.00000E+00
6.37590E-02
1.47543E-01
3.26085E-01
3.58613E-01
3.27799E-01
5.01064E-02
2.83840E-01
0.00000E+00
2.39711E-01
3.86973E-02
1.99662E-01
0.00000E+00
1.64543E-01
2.91435E-02
1.34213E-01
0.00000E+00
2.11501E-02
1.08216E-01
0.00000E+00
7.95287E-02
2.13228E-01
2.95495E-01
3.13960E-01
8.60336E-02
1.45072E-02
2.97483E-01
0.00000E+00
2.66397E-01
6.71662E-02
2.30842E-01
9.09309E-03
1.95620E-01
0.00000E+00
5.11692E-02
1.62860E-01
4.88385E-03
3.76686E-02
1.33390E-01
0.00000E+00
0.00000E+00
4.79068E-02
1.40299E-01
2.19786E-01
2.60388E-01
1.07401E-01
1.95215E-03
2.63770E-02
2.67387E-01
2.53390E-01
8.47820E-02
2.28605E-01
1.71085E-02
3.94195E-04
1.99468E-01
6.52853E-02
1.69701E-01
9.79138E-03
4.86292E-02
0.00000E+00
1.41309E-01
0.00000E+00
3.00856E-02
9.34738E-02
1.57715E-01
4.45200E-03
1.15278E-01
2.01232E-01
3.45563E-02
2.19978E-01
2.18886E-01
9.20036E-02
2.28746E-02
2.04891E-01
1.19083E-03
1.83803E-01
7.15516E-02
1.34866E-02
1.59689E-01
0.00000E+00
5.38244E-02
1.35132E-01
0.00000E+00
1.93363E-02
6.24048E-02
6.39776E-03
1.10501E-01
3.86637E-02
1.11646E-01
1.48246E-01
1.69687E-01
1.75499E-01
9.00324E-02
2.59218E-02
1.80077E-03
1.69438E-01
7.06469E-02
1.55714E-01
1.55188E-02
1.37839E-01
0.00000E+00
5.35834E-02
1.18349E-01
0.00000E+00
1.23394E-02
7.48849E-03
4.07877E-02
3.88047E-02
7.45283E-02
9.89043E-02
1.03434E-01
1.22294E-01
8.04962E-02
1.30155E-01
2.62348E-02
2.13956E-03
1.28699E-01
6.36529E-02
1.20576E-01
1.58399E-02
0.00000E+00
1.08373E-01
4.86055E-02
9.41705E-02
7.70222E-03
0.00000E+00
7.37975E-03
2.47686E-02
3.54169E-02
4.61601E-02
7.94448E-02
6.54644E-02
7.90617E-02
6.51492E-02
2.21164E-03
2.40810E-02
8.57806E-02
8.62324E-02
5.18377E-02
8.18933E-02
1.46129E-02
0.00000E+00
7.44101E-02
3.97915E-02
6.52157E-02
7.13231E-03
0.00000E+00
3.51016E-03
2.91262E-02
1.18879E-02
5.53914E-02
2.23932E-02
3.21205E-02
3.92196E-02
2.05138E-03
4.56694E-02
1.98810E-02
4.29738E-02
4.35613E-02
3.64970E-02
4.16477E-02
1.21017E-02
0.00000E+00
3.80398E-02
2.81173E-02
3.34720E-02
5.91825E-03
2.06436E-02
0.00000E+00
1.19296E-04
4.23388E-04
2.85153E-02
7.82981E-04
1.05828E-03
1.70295E-03
1.17913E-03
1.41262E-02
2.35648E-02
1.14714E-03
1.00652E-03
1.88668E-02
8.61478E-03
0.00000E+00
8.12227E-04
6.10168E-04
1.45573E-02
4.21741E-03
4.29689E-04
1.07021E-02
0.00000E+00
-3.26722E-03
-1.10333E-02
2.84533E-04
-2.08324E-02
1.21361E-03
-3.00390E-02
7.33161E-03
-3.69308E-02
1.77215E-04
-4.07755E-02
-4.16555E-02
1.03687E-04
0.00000E+00
4.47507E-03
-4.01266E-02
5.69987E-05
-3.69088E-02
2.19192E-03
-3.26837E-02
2.96717E-05
0.00000E+00
-7.12352E-03
-2.79990E-02
-2.38934E-02
-4.46242E-02
6.30794E-04
-6.35028E-02
1.49811E-05
-2.32474E-02
-7.69978E-02
-8.38805E-02
-8.46496E-02
0.00000E+00
-1.86841E-02
7.56128E-06
-8.06764E-02
-1.44592E-02
-7.35372E-02
3.63988E-06
-6.46293E-02
-1.06526E-02
0.00000E+00
-5.50228E-02
-1.20623E-02
-3.98899E-02
1.19145E-06
-7.30670E-02
-1.01722E-01
-7.30764E-03
-4.54541E-02
-1.20649E-01
-1.28774E-01
0.00000E+00
-3.63817E-02
-1.27648E-01
-4.46345E-03
-1.19839E-01
-2.80618E-02
-1.07894E-01
-2.18643E-03
-9.38822E-02
-2.06204E-02
-7.92884E-02
-6.28981E-04
0.00000E+00
-1.90352E-02
-6.15106E-02
-1.09229E-01
-1.41180E-02
-1.46989E-01
-6.50766E-02
-1.68705E-01
-1.74861E-01
0.00000E+00
-8.61229E-03
-5.18138E-02
-1.69094E-01
-1.55577E-01
-3.97922E-02
-4.21654E-03
-1.37826E-01
-1.18398E-01
-2.91365E-02
-1.21328E-03
-9.89771E-02
0.00000E+00
-2.97673E-02
-9.26675E-02
-1.98923E-02
-1.56859E-01
-2.00738E-01
-8.05706E-02
-2.19941E-01
0.00000E+00
-2.19183E-01
-1.21102E-02
-6.37181E-02
-2.05350E-01
-1.84289E-01
-4.86575E-02
-5.92290E-03
-1.60123E-01
-3.54554E-02
-1.35482E-01
-1.70437E-03
-1.11908E-01
0.00000E+00
-4.76065E-02
-2.41075E-02
-1.39785E-01
-2.19732E-01
-2.61040E-01
-9.02179E-02
-2.68520E-01
0.00000E+00
-2.54676E-01
-1.46294E-02
-7.07719E-02
-2.29806E-01
-2.00464E-01
-5.36644E-02
-7.14086E-03
-1.70460E-01
-3.88553E-02
-1.41849E-01
-2.05405E-03
-1.15640E-01
-2.62654E-02
0.00000E+00
-7.94237E-02
-2.13409E-01
-2.96779E-01
-9.22322E-02
-3.16023E-01
0.00000E+00
-2.99730E-01
-1.58575E-02
-2.68432E-01
-7.16881E-02
-2.32490E-01
-1.96852E-01
-5.39013E-02
-7.71098E-03
-1.63720E-01
-3.87048E-02
-1.33952E-01
-2.21439E-03
-1.07744E-01
-2.59428E-02
0.00000E+00
-1.47605E-01
-3.27655E-01
-3.61511E-01
0.00000E+00
-8.49746E-02
-3.30890E-01
-2.86564E-01
-1.55292E-02
-2.41867E-01
-6.53826E-02
-2.01244E-01
-1.65628E-01
-7.49326E-03
-4.86712E-02
-1.34910E-01
-3.45698E-02
-1.08630E-01
-2.14104E-03
-8.62543E-02
-2.28759E-02
0.00000E+00
-3.82700E-01
-3.91569E-01
0.00000E+00
-3.08846E-01
-6.72651E-02
-2.43603E-01
-1.34844E-02
-1.94047E-01
-5.11983E-02
-1.55604E-01
-1.25162E-01
-6.39597E-03
-3.76631E-02
-1.00597E-01
-8.05097E-02
-2.63589E-02
-1.80015E-03
-6.39347E-02
-5.01741E-02
-1.70901E-02
0.00000E+00
0.00000E+00
0.00000E+00
0.00000E+00
-3.87035E-02
0.00000E+00
0.00000E+00
-9.77795E-03
0.00000E+00
-2.91202E-02
0.00000E+00
0.00000E+00
-4.44471E-03
-2.11174E-02
0.00000E+00
0.00000E+00
-1.44765E-02
-1.18850E-03
0.00000E+00
-9.06972E-03
0.00000E+00
0.00000E+00
0.00000E+00
-4.86899E-03
0.00000E+00
-1.94479E-03
0.00000E+00
0.00000E+00
-3.92034E-04
0.00000E+00
0.00000E+00
0.00000E+00
0.00000E+00
0.00000E+00
0.00000E+00

0.00000E+00
0.00000E+00
0.00000E+00
0.00000E+00
0.00000E+00
0.00000E+00
0.00000E+00
0.00000E+00
0.00000E+00
0.00000E+00
0.00000E+00
0.00000E+00
0.00000E+00
0.00000E+00
3.81679E-01
3.88321E-01
3.05716E-01
2.40996E-01
0.00000E+00
1.92063E-01
1.54184E-01
1.24206E-01
0.00000E+00
9.99946E-02
0.00000E+00
8.01621E-02
6.37590E-02
0.00000E+00
5.01064E-02
3.86973E-02
0.00000E+00
0.00000E+00
1.47543E-01
3.26085E-01
3.58613E-01
3.27799E-01
2.91435E-02
2.83840E-01
0.00000E+00
2.39711E-01
2.11501E-02
1.99662E-01
1.64543E-01
0.00000E+00
1.45072E-02
1.34213E-01
1.08216E-01
0.00000E+00
9.09309E-03
8.60336E-02
4.88385E-03
6.71662E-02
0.00000E+00
7.95287E-02
2.13228E-01
2.95495E-01
3.13960E-01
5.11692E-02
2.97483E-01
1.95215E-03
2.66397E-01
3.76686E-02
2.30842E-01
1.95620E-01
3.94195E-04
2.63770E-02
1.62860E-01
1.33390E-01
0.00000E+00
1.71085E-02
1.07401E-01
9.79138E-03
8.47820E-02
0.00000E+00
4.79068E-02
1.40299E-01
2.19786E-01
2.60388E-01
6.52853E-02
4.45200E-03
2.67387E-01
2.53390E-01
4.86292E-02
2.28605E-01
1.19083E-03
1.99468E-01
3.45563E-02
1.69701E-01
1.41309E-01
0.00000E+00
2.28746E-02
1.15278E-01
1.34866E-02
9.20036E-02
0.00000E+00
3.00856E-02
9.34738E-02
1.57715E-01
7.15516E-02
2.01232E-01
6.39776E-03
2.19978E-01
2.18886E-01
5.38244E-02
2.04891E-01
1.80077E-03
1.83803E-01
3.86637E-02
1.59689E-01
0.00000E+00
1.35132E-01
2.59218E-02
1.11646E-01
1.55188E-02
9.00324E-02
0.00000E+00
1.93363E-02
6.24048E-02
1.10501E-01
7.06469E-02
7.48849E-03
1.48246E-01
1.69687E-01
1.75499E-01
5.35834E-02
1.69438E-01
2.13956E-03
1.55714E-01
3.88047E-02
1.37839E-01
0.00000E+00
1.18349E-01
2.62348E-02
9.89043E-02
1.58399E-02
8.04962E-02
0.00000E+00
1.23394E-02
4.07877E-02
7.45283E-02
6.36529E-02
7.70222E-03
1.03434E-01
1.22294E-01
1.30155E-01
4.86055E-02
2.21164E-03
1.28699E-01
1.20576E-01
3.54169E-02
1.08373E-01
0.00000E+00
2.40810E-02
9.41705E-02
7.94448E-02
1.46129E-02
6.51492E-02
0.00000E+00
7.37975E-03
2.47686E-02
7.13231E-03
4.61601E-02
5.18377E-02
6.54644E-02
7.90617E-02
8.57806E-02
3.97915E-02
2.05138E-03
8.62324E-02
8.18933E-02
2.91262E-02
7.44101E-02
0.00000E+00
1.98810E-02
6.52157E-02
5.53914E-02
1.21017E-02
4.56694E-02
0.00000E+00
3.51016E-03
5.91825E-03
1.18879E-02
3.64970E-02
2.23932E-02
3.21205E-02
3.92196E-02
2.81173E-02
4.29738E-02
1.70295E-03
4.35613E-02
4.16477E-02
2.06436E-02
0.00000E+00
3.80398E-02
1.41262E-02
3.34720E-02
2.85153E-02
8.61478E-03
2.35648E-02
0.00000E+00
4.21741E-03
1.19296E-04
4.23388E-04
1.88668E-02
7.82981E-04
1.05828E-03
1.17913E-03
1.45573E-02
1.14714E-03
1.21361E-03
1.00652E-03
1.07021E-02
8.12227E-04
0.00000E+00
6.10168E-04
7.33161E-03
4.29689E-04
2.84533E-04
4.47507E-03
1.77215E-04
2.19192E-03
0.00000E+00
-3.26722E-03
-1.10333E-02
1.03687E-04
-2.08324E-02
-3.00390E-02
-3.69308E-02
5.69987E-05
6.30794E-04
-4.07755E-02
-4.16555E-02
2.96717E-05
-4.01266E-02
0.00000E+00
-3.69088E-02
1.49811E-05
-3.26837E-02
-2.79990E-02
7.56128E-06
-2.32474E-02
3.63988E-06
0.00000E+00
-7.12352E-03
-1.86841E-02
-2.38934E-02
-4.46242E-02
-6.35028E-02
-7.69978E-02
1.19145E-06
-1.44592E-02
-8.38805E-02
-8.46496E-02
-1.06526E-02
-8.06764E-02
0.00000E+00
-7.35372E-02
-7.30764E-03
-6.46293E-02
-5.50228E-02
-4.46345E-03
-4.54541E-02
-2.18643E-03
0.00000E+00
-3.63817E-02
-1.20623E-02
-3.98899E-02
-7.30670E-02
-1.01722E-01
-1.20649E-01
-6.28981E-04
-2.80618E-02
-1.28774E-01
-1.27648E-01
-2.06204E-02
-1.19839E-01
0.00000E+00
-1.07894E-01
-1.41180E-02
-9.38822E-02
-8.61229E-03
-7.92884E-02
-6.50766E-02
-4.21654E-03
-5.18138E-02
0.00000E+00
-1.90352E-02
-6.15106E-02
-1.09229E-01
-1.46989E-01
-1.21328E-03
-3.97922E-02
-1.68705E-01
-1.74861E-01
-1.69094E-01
-2.91365E-02
0.00000E+00
-1.55577E-01
-1.37826E-01
-1.98923E-02
-1.18398E-01
-1.21102E-02
-9.89771E-02
-8.05706E-02
-5.92290E-03
-6.37181E-02
0.00000E+00
-2.97673E-02
-9.26675E-02
-1.56859E-01
-2.00738E-01
-1.70437E-03
-4.86575E-02
-2.19941E-01
-2.19183E-01
-2.05350E-01
-3.54554E-02
0.00000E+00
-1.84289E-01
-1.60123E-01
-2.41075E-02
-1.35482E-01
-1.46294E-02
-1.11908E-01
-9.02179E-02
-7.14086E-03
-7.07719E-02
0.00000E+00
-4.76065E-02
-1.39785E-01
-2.19732E-01
-2.05405E-03
-2.61040E-01
-5.36644E-02
-2.68520E-01
-2.54676E-01
-2.29806E-01
-3.88553E-02
0.00000E+00
-2.00464E-01
-1.70460E-01
-2.62654E-02
-1.41849E-01
-1.58575E-02
-1.15640E-01
-9.22322E-02
-7.71098E-03
-7.16881E-02
0.00000E+00
-7.94237E-02
-2.13409E-01
-2.96779E-01
-2.21439E-03
-3.16023E-01
-5.39013E-02
-2.99730E-01
-2.68432E-01
-3.87048E-02
0.00000E+00
-2.32490E-01
-1.96852E-01
-2.59428E-02
-1.63720E-01
-1.33952E-01
-1.55292E-02
-1.07744E-01
-8.49746E-02
-7.49326E-03
-6.53826E-02
0.00000E+00
-1.47605E-01
-3.27655E-01
-2.14104E-03
-3.61511E-01
-3.30890E-01
-4.86712E-02
-2.86564E-01
-2.41867E-01
0.00000E+00
-3.45698E-02
-2.01244E-01
-1.65628E-01
-2.28759E-02
-1.34910E-01
-1.08630E-01
-1.34844E-02
-8.62543E-02
-6.72651E-02
-6.39597E-03
-5.11983E-02
0.00000E+00
-1.80015E-03
-3.82700E-01
-3.91569E-01
-3.08846E-01
-3.76631E-02
-2.43603E-01
-1.94047E-01
-1.55604E-01
0.00000E+00
-2.63589E-02
-1.25162E-01
-1.00597E-01
-1.70901E-02
-8.05097E-02
-6.39347E-02
-9.77795E-03
-5.01741E-02
-4.44471E-03
-3.87035E-02
-2.91202E-02
-1.18850E-03
0.00000E+00
0.00000E+00
0.00000E+00
0.00000E+00
-2.11174E-02
0.00000E+00
0.00000E+00
0.00000E+00
0.00000E+00
-1.44765E-02
0.00000E+00
0.00000E+00
-9.06972E-03
0.00000E+00
0.00000E+00
-4.86899E-03
0.00000E+00
-1.94479E-03
0.00000E+00
0.00000E+00
-3.92034E-04
0.00000E+00
0.00000E+00
0.00000E+00
0.00000E+00
0.00000E+00
0.00000E+00
0.00000E+00
0.00000E+00

0.00000E+00
0.00000E+00
0.00000E+00
3.79885E-01
0.00000E+00
0.00000E+00
1.40750E-01
3.76638E-01
2.99980E-01
0.00000E+00
0.00000E+00
6.68587E-02
2.78077E-01
3.04512E-01
1.70290E-01
0.00000E+00
0.00000E+00
1.95305E-01
2.84101E-02
2.13651E-01
2.44572E-01
7.68630E-02
1.95309E-01
1.05569E-01
0.00000E+00
0.00000E+00
1.30530E-01
5.12890E-04
1.76273E-01
1.33445E-03
1.04014E-01
1.51037E-01
1.51872E-03
0.00000E+00
0.00000E+00
8.12521E-02
-2.73900E-02
-7.44265E-02
1.15606E-01
8.44137E-02
1.12031E-03
1.03637E-01
-1.03075E-01
0.00000E+00
0.00000E+00
6.04405E-04
-6.60749E-02
4.49973E-02
-1.02348E-01
5.96529E-02
6.74154E-02
-1.68768E-01
-2.12858E-01
6.25805E-02
-8.35995E-02
2.47105E-04
0.00000E+00
0.00000E+00
1.97928E-02
-1.95176E-01
3.67644E-02
-1.40116E-01
3.20190E-02
-3.00765E-01
-5.93624E-02
3.07274E-02
-3.06339E-01
-1.51145E-01
7.51854E-05
1.83354E-02
-2.45999E-01
0.00000E+00
0.00000E+00
4.99668E-03
-3.81139E-01
-3.67007E-02
9.26695E-03
-1.03766E-01
-3.80926E-01
1.76248E-05
-1.77050E-01
9.14248E-03
-2.80998E-01
5.50887E-03
-1.96806E-01
-6.26669E-02
-1.83332E-02
0.00000E+00
0.00000E+00
-1.15928E-01
0.00000E+00
0.00000E+00
0.00000E+00
0.00000E+00
4.48937E-06
-1.31083E-01
0.00000E+00
0.00000E+00
-3.07713E-02
-6.75154E-02
0.00000E+00
0.00000E+00
-5.51000E-03
-8.13588E-02
0.00000E+00
0.00000E+00
-3.20410E-02
-4.49614E-02
-9.15678E-03
0.00000E+00
0.00000E+00
-1.97506E-02
-9.27057E-03
0.00000E+00
0.00000E+00
-4.98055E-03
0.00000E+00
0.00000E+00
0.00000E+00
0.00000E+00
0.00000E+00

0.00000E+00
0.00000E+00
0.00000E+00
0.00000E+00
0.00000E+00
0.00000E+00
0.00000E+00
3.79885E-01
3.76638E-01
2.78077E-01
0.00000E+00
1.95305E-01
0.00000E+00
1.30530E-01
0.00000E+00
1.40750E-01
2.99980E-01
3.04512E-01
8.12521E-02
0.00000E+00
2.44572E-01
4.49973E-02
1.76273E-01
0.00000E+00
0.00000E+00
6.68587E-02
1.70290E-01
1.15606E-01
1.97928E-02
2.13651E-01
1.95309E-01
0.00000E+00
6.74154E-02
1.51037E-01
4.99668E-03
0.00000E+00
2.84101E-02
3.20190E-02
7.68630E-02
1.03637E-01
1.05569E-01
0.00000E+00
1.04014E-01
6.25805E-02
9.26695E-03
8.44137E-02
3.07274E-02
0.00000E+00
5.12890E-04
5.96529E-02
1.33445E-03
0.00000E+00
1.51872E-03
3.67644E-02
1.12031E-03
9.14248E-03
6.04405E-04
1.83354E-02
0.00000E+00
-2.73900E-02
0.00000E+00
2.47105E-04
-7.44265E-02
-1.03075E-01
5.50887E-03
7.51854E-05
-1.02348E-01
-8.35995E-02
1.76248E-05
0.00000E+00
-5.93624E-02
0.00000E+00
-6.60749E-02
-1.68768E-01
-2.12858E-01
4.48937E-06
-3.67007E-02
-1.95176E-01
-1.51145E-01
-1.83332E-02
0.00000E+00
-1.03766E-01
0.00000E+00
-1.40116E-01
-3.00765E-01
-5.51000E-03
-3.06339E-01
-6.26669E-02
-2.45999E-01
0.00000E+00
-3.07713E-02
-1.77050E-01
-1.15928E-01
0.00000E+00
-9.15678E-03
-3.81139E-01
-3.80926E-01
-6.75154E-02
-2.80998E-01
-1.96806E-01
0.00000E+00
-3.20410E-02
-1.31083E-01
-8.13588E-02
-9.27057E-03
0.00000E+00
0.00000E+00
0.00000E+00
-4.49614E-02
0.00000E+00
0.00000E+00
0.00000E+00
-1.97506E-02
0.00000E+00
0.00000E+00
-4.98055E-03
0.00000E+00
0.00000E+00
0.00000E+00
0.00000E+00
0.00000E+00

0.00000E+00
0.00000E+00
0.00000E+00
0.00000E+00
0.00000E+00
0.00000E+00
0.00000E+00
0.00000E+00
0.00000E+00
0.00000E+00
0.00000E+00
3.84987E-01
0.00000E+00
3.96901E-01
3.18701E-01
2.56645E-01
0.00000E+00
2.08835E-01
1.70872E-01
0.00000E+00
1.39937E-01
1.14185E-01
0.00000E+00
9.24702E-02
0.00000E+00
0.00000E+00
7.40326E-02
1.52351E-01
3.39960E-01
3.80669E-01
3.55262E-01
5.83389E-02
3.13947E-01
0.00000E+00
2.70186E-01
4.49888E-02
2.28813E-01
0.00000E+00
1.91207E-01
3.36713E-02
1.57679E-01
0.00000E+00
2.41475E-02
1.28128E-01
0.00000E+00
8.42802E-02
2.28082E-01
3.20794E-01
3.47041E-01
1.02314E-01
1.62499E-02
3.35018E-01
0.00000E+00
3.05361E-01
7.99431E-02
2.68849E-01
9.89076E-03
2.30962E-01
0.00000E+00
6.07200E-02
1.94429E-01
5.07120E-03
4.43773E-02
1.60579E-01
0.00000E+00
0.00000E+00
5.21065E-02
1.53990E-01
2.44311E-01
2.93889E-01
1.29992E-01
1.86714E-03
3.07040E-02
3.06722E-01
2.95316E-01
1.02853E-01
2.70360E-01
1.95684E-02
3.10000E-04
2.38960E-01
7.91272E-02
2.05499E-01
1.09299E-02
5.86858E-02
0.00000E+00
1.72561E-01
0.00000E+00
3.35512E-02
1.05111E-01
1.79313E-01
4.80944E-03
1.41600E-01
2.31759E-01
4.13758E-02
2.56883E-01
2.59175E-01
1.13370E-01
2.70739E-02
2.45804E-01
1.23335E-03
2.23121E-01
8.82031E-02
1.57197E-02
1.95815E-01
0.00000E+00
6.61870E-02
1.67053E-01
0.00000E+00
2.20428E-02
7.16868E-02
7.31840E-03
1.28169E-01
4.72907E-02
1.38841E-01
1.73864E-01
2.01384E-01
2.10798E-01
1.12368E-01
3.14479E-02
2.01805E-03
2.05883E-01
8.82768E-02
1.91227E-01
1.86254E-02
1.70854E-01
0.00000E+00
6.68676E-02
1.47822E-01
0.00000E+00
1.43185E-02
8.87316E-03
4.76779E-02
4.82426E-02
8.78807E-02
1.24251E-01
1.23156E-01
1.47122E-01
1.01506E-01
1.58230E-01
3.24165E-02
2.50138E-03
1.58068E-01
8.03944E-02
1.49509E-01
1.94122E-02
0.00000E+00
1.35522E-01
6.13519E-02
1.18603E-01
9.34761E-03
0.00000E+00
8.67517E-03
2.93265E-02
4.45799E-02
5.51031E-02
1.00610E-01
7.88423E-02
9.61046E-02
8.28124E-02
2.65692E-03
3.01641E-02
1.05257E-01
1.06789E-01
6.60095E-02
1.02299E-01
1.81822E-02
0.00000E+00
9.36781E-02
5.06590E-02
8.26489E-02
8.80342E-03
0.00000E+00
4.15670E-03
3.69992E-02
1.41852E-02
7.05650E-02
2.69421E-02
3.89796E-02
4.80148E-02
2.51064E-03
5.83886E-02
2.51517E-02
5.30759E-02
5.42647E-02
4.67465E-02
5.23009E-02
1.52220E-02
0.00000E+00
4.81184E-02
3.60123E-02
4.26032E-02
7.39208E-03
2.63903E-02
0.00000E+00
1.37079E-04
5.05621E-04
3.64715E-02
9.64779E-04
1.33947E-03
2.11109E-03
1.52776E-03
1.79927E-02
3.02412E-02
1.51714E-03
1.35516E-03
2.42532E-02
1.09156E-02
0.00000E+00
1.11019E-03
8.43845E-04
1.87125E-02
5.30944E-03
5.98758E-04
1.37322E-02
0.00000E+00
-3.87690E-03
-1.31646E-02
3.97335E-04
-2.50212E-02
1.51724E-03
-3.63500E-02
9.37482E-03
-4.50555E-02
2.46149E-04
-5.01734E-02
-5.17021E-02
1.41694E-04
0.00000E+00
5.69381E-03
-5.02242E-02
7.53804E-05
-4.65561E-02
2.77178E-03
-4.15063E-02
3.70848E-05
0.00000E+00
-8.37899E-03
-3.57520E-02
-2.82831E-02
-5.32218E-02
7.92358E-04
-7.63792E-02
1.72564E-05
-2.98018E-02
-9.34517E-02
-1.02762E-01
-1.04671E-01
0.00000E+00
-2.40051E-02
8.03558E-06
-1.00644E-01
-1.85844E-02
-9.24773E-02
3.76747E-06
-8.18370E-02
-1.36721E-02
0.00000E+00
-7.00552E-02
-1.39984E-02
-4.66150E-02
1.27668E-06
-8.61094E-02
-1.21030E-01
-9.34880E-03
-5.80947E-02
-1.45031E-01
-1.56435E-01
0.00000E+00
-4.65943E-02
-1.56675E-01
-5.68270E-03
-1.48516E-01
-3.59447E-02
-1.34869E-01
-2.76679E-03
-1.18210E-01
-2.63672E-02
-1.00399E-01
-7.90623E-04
0.00000E+00
-2.16972E-02
-7.06448E-02
-1.26659E-01
-1.79888E-02
-1.72340E-01
-8.27204E-02
-2.00168E-01
-2.09993E-01
0.00000E+00
-1.09172E-02
-6.59862E-02
-2.05444E-01
-1.91053E-01
-5.06699E-02
-5.31093E-03
-1.70844E-01
-1.47899E-01
-3.70222E-02
-1.51760E-03
-1.24362E-01
0.00000E+00
-3.31945E-02
-1.04204E-01
-2.51744E-02
-1.78346E-01
-2.31217E-01
-1.01619E-01
-2.56891E-01
0.00000E+00
-2.59598E-01
-1.52385E-02
-8.04943E-02
-2.46436E-01
-2.23791E-01
-6.14322E-02
-7.40100E-03
-1.96419E-01
-4.46398E-02
-1.67545E-01
-2.11384E-03
-1.39213E-01
0.00000E+00
-5.17884E-02
-3.02057E-02
-1.53464E-01
-2.44342E-01
-2.94774E-01
-1.12633E-01
-3.08209E-01
0.00000E+00
-2.97014E-01
-1.82083E-02
-8.84557E-02
-2.71968E-01
-2.40313E-01
-6.69834E-02
-8.81694E-03
-2.06542E-01
-4.83147E-02
-1.73310E-01
-2.51488E-03
-1.42104E-01
-3.24598E-02
0.00000E+00
-8.41971E-02
-2.28392E-01
-3.22412E-01
-1.13688E-01
-3.49626E-01
0.00000E+00
-3.37880E-01
-1.94370E-02
-3.08008E-01
-8.83905E-02
-2.71038E-01
-2.32625E-01
-6.62899E-02
-9.35992E-03
-1.95605E-01
-4.73432E-02
-1.61352E-01
-2.66080E-03
-1.30463E-01
-3.14730E-02
0.00000E+00
-1.52487E-01
-3.41829E-01
-3.84120E-01
0.00000E+00
-1.03113E-01
-3.59047E-01
-3.17384E-01
-1.86368E-02
-2.72983E-01
-7.92524E-02
-2.30913E-01
-1.92676E-01
-8.87811E-03
-5.87330E-02
-1.58632E-01
-4.13841E-02
-1.28695E-01
-2.50289E-03
-1.02611E-01
-2.70672E-02
0.00000E+00
-3.86137E-01
-4.00513E-01
0.00000E+00
-3.22353E-01
-8.00679E-02
-2.59818E-01
-1.57109E-02
-2.11346E-01
-6.07456E-02
-1.72727E-01
-1.41219E-01
-7.31274E-03
-4.43548E-02
-1.15008E-01
-9.29493E-02
-3.06658E-02
-2.01617E-03
-7.42724E-02
-5.84249E-02
-1.95327E-02
0.00000E+00
0.00000E+00
0.00000E+00
0.00000E+00
-4.49862E-02
0.00000E+00
0.00000E+00
-1.09045E-02
0.00000E+00
-3.36264E-02
0.00000E+00
0.00000E+00
-4.79575E-03
-2.40901E-02
0.00000E+00
0.00000E+00
-1.61972E-02
-1.22899E-03
0.00000E+00
-9.85077E-03
0.00000E+00
0.00000E+00
0.00000E+00
-5.04576E-03
0.00000E+00
-1.85453E-03
0.00000E+00
0.00000E+00
-3.06328E-04
0.00000E+00
0.00000E+00
0.00000E+00
0.00000E+00
0.00000E+00
0.00000E+00

0.00000E+00
0.00000E+00
0.00000E+00
0.00000E+00
0.00000E+00
0.00000E+00
0.00000E+00
0.00000E+00
0.00000E+00
0.00000E+00
0.00000E+00
0.00000E+00
0.00000E+00
0.00000E+00
3.84987E-01
3.96901E-01
3.18701E-01
2.56645E-01
0.00000E+00
2.08835E-01
1.70872E-01
1.39937E-01
0.00000E+00
1.14185E-01
0.00000E+00
9.24702E-02
7.40326E-02
0.00000E+00
5.83389E-02
4.49888E-02
0.00000E+00
0.00000E+00
1.52351E-01
3.39960E-01
3.80669E-01
3.55262E-01
3.36713E-02
3.13947E-01
0.00000E+00
2.70186E-01
2.41475E-02
2.28813E-01
1.91207E-01
0.00000E+00
1.62499E-02
1.57679E-01
1.28128E-01
0.00000E+00
9.89076E-03
1.02314E-01
5.07120E-03
7.99431E-02
0.00000E+00
8.42802E-02
2.28082E-01
3.20794E-01
3.47041E-01
6.07200E-02
3.35018E-01
1.86714E-03
3.05361E-01
4.43773E-02
2.68849E-01
2.30962E-01
3.10000E-04
3.07040E-02
1.94429E-01
1.60579E-01
0.00000E+00
1.95684E-02
1.29992E-01
1.09299E-02
1.02853E-01
0.00000E+00
5.21065E-02
1.53990E-01
2.44311E-01
2.93889E-01
7.91272E-02
4.80944E-03
3.06722E-01
2.95316E-01
5.86858E-02
2.70360E-01
1.23335E-03
2.38960E-01
4.13758E-02
2.05499E-01
1.72561E-01
0.00000E+00
2.70739E-02
1.41600E-01
1.57197E-02
1.13370E-01
0.00000E+00
3.35512E-02
1.05111E-01
1.79313E-01
8.82031E-02
2.31759E-01
7.31840E-03
2.56883E-01
2.59175E-01
6.61870E-02
2.45804E-01
2.01805E-03
2.23121E-01
4.72907E-02
1.95815E-01
0.00000E+00
1.67053E-01
3.14479E-02
1.38841E-01
1.86254E-02
1.12368E-01
0.00000E+00
2.20428E-02
7.16868E-02
1.28169E-01
8.82768E-02
8.87316E-03
1.73864E-01
2.01384E-01
2.10798E-01
6.68676E-02
2.05883E-01
2.50138E-03
1.91227E-01
4.82426E-02
1.70854E-01
0.00000E+00
1.47822E-01
3.24165E-02
1.24251E-01
1.94122E-02
1.01506E-01
0.00000E+00
1.43185E-02
4.76779E-02
8.78807E-02
8.03944E-02
9.34761E-03
1.23156E-01
1.47122E-01
1.58230E-01
6.13519E-02
2.65692E-03
1.58068E-01
1.49509E-01
4.45799E-02
1.35522E-01
0.00000E+00
3.01641E-02
1.18603E-01
1.00610E-01
1.81822E-02
8.28124E-02
0.00000E+00
8.67517E-03
2.93265E-02
8.80342E-03
5.51031E-02
6.60095E-02
7.88423E-02
9.61046E-02
1.05257E-01
5.06590E-02
2.51064E-03
1.06789E-01
1.02299E-01
3.69992E-02
9.36781E-02
0.00000E+00
2.51517E-02
8.26489E-02
7.05650E-02
1.52220E-02
5.83886E-02
0.00000E+00
4.15670E-03
7.39208E-03
1.41852E-02
4.67465E-02
2.69421E-02
3.89796E-02
4.80148E-02
3.60123E-02
5.30759E-02
2.11109E-03
5.42647E-02
5.23009E-02
2.63903E-02
0.00000E+00
4.81184E-02
1.79927E-02
4.26032E-02
3.64715E-02
1.09156E-02
3.02412E-02
0.00000E+00
5.30944E-03
1.37079E-04
5.05621E-04
2.42532E-02
9.64779E-04
1.33947E-03
1.52776E-03
1.87125E-02
1.51714E-03
1.51724E-03
1.35516E-03
1.37322E-02
1.11019E-03
0.00000E+00
8.43845E-04
9.37482E-03
5.98758E-04
3.97335E-04
5.69381E-03
2.46149E-04
2.77178E-03
0.00000E+00
-3.87690E-03
-1.31646E-02
1.41694E-04
-2.50212E-02
-3.63500E-02
-4.50555E-02
7.53804E-05
7.92358E-04
-5.01734E-02
-5.17021E-02
3.70848E-05
-5.02242E-02
0.00000E+00
-4.65561E-02
1.72564E-05
-4.15063E-02
-3.57520E-02
8.03558E-06
-2.98018E-02
3.76747E-06
0.00000E+00
-8.37899E-03
-2.40051E-02
-2.82831E-02
-5.32218E-02
-7.63792E-02
-9.34517E-02
1.27668E-06
-1.85844E-02
-1.02762E-01
-1.04671E-01
-1.36721E-02
-1.00644E-01
0.00000E+00
-9.24773E-02
-9.34880E-03
-8.18370E-02
-7.00552E-02
-5.68270E-03
-5.80947E-02
-2.76679E-03
0.00000E+00
-4.65943E-02
-1.39984E-02
-4.66150E-02
-8.61094E-02
-1.21030E-01
-1.45031E-01
-7.90623E-04
-3.59447E-02
-1.56435E-01
-1.56675E-01
-2.63672E-02
-1.48516E-01
0.00000E+00
-1.34869E-01
-1.79888E-02
-1.18210E-01
-1.09172E-02
-1.00399E-01
-8.27204E-02
-5.31093E-03
-6.59862E-02
0.00000E+00
-2.16972E-02
-7.06448E-02
-1.26659E-01
-1.72340E-01
-1.51760E-03
-5.06699E-02
-2.00168E-01
-2.09993E-01
-2.05444E-01
-3.70222E-02
0.00000E+00
-1.91053E-01
-1.70844E-01
-2.51744E-02
-1.47899E-01
-1.52385E-02
-1.24362E-01
-1.01619E-01
-7.40100E-03
-8.04943E-02
0.00000E+00
-3.31945E-02
-1.04204E-01
-1.78346E-01
-2.31217E-01
-2.11384E-03
-6.14322E-02
-2.56891E-01
-2.59598E-01
-2.46436E-01
-4.46398E-02
0.00000E+00
-2.23791E-01
-1.96419E-01
-3.02057E-02
-1.67545E-01
-1.82083E-02
-1.39213E-01
-1.12633E-01
-8.81694E-03
-8.84557E-02
0.00000E+00
-5.17884E-02
-1.53464E-01
-2.44342E-01
-2.51488E-03
-2.94774E-01
-6.69834E-02
-3.08209E-01
-2.97014E-01
-2.71968E-01
-4.83147E-02
0.00000E+00
-2.40313E-01
-2.06542E-01
-3.24598E-02
-1.73310E-01
-1.94370E-02
-1.42104E-01
-1.13688E-01
-9.35992E-03
-8.83905E-02
0.00000E+00
-8.41971E-02
-2.28392E-01
-3.22412E-01
-2.66080E-03
-3.49626E-01
-6.62899E-02
-3.37880E-01
-3.08008E-01
-4.73432E-02
0.00000E+00
-2.71038E-01
-2.32625E-01
-3.14730E-02
-1.95605E-01
-1.61352E-01
-1.86368E-02
-1.30463E-01
-1.03113E-01
-8.87811E-03
-7.92524E-02
0.00000E+00
-1.52487E-01
-3.41829E-01
-2.50289E-03
-3.84120E-01
-3.59047E-01
-5.87330E-02
-3.17384E-01
-2.72983E-01
0.00000E+00
-4.13841E-02
-2.30913E-01
-1.92676E-01
-2.70672E-02
-1.58632E-01
-1.28695E-01
-1.57109E-02
-1.02611E-01
-8.00679E-02
-7.31274E-03
-6.07456E-02
0.00000E+00
-2.01617E-03
-3.86137E-01
-4.00513E-01
-3.22353E-01
-4.43548E-02
-2.59818E-01
-2.11346E-01
-1.72727E-01
0.00000E+00
-3.06658E-02
-1.41219E-01
-1.15008E-01
-1.95327E-02
-9.29493E-02
-7.42724E-02
-1.09045E-02
-5.84249E-02
-4.79575E-03
-4.49862E-02
-3.36264E-02
-1.22899E-03
0.00000E+00
0.00000E+00
0.00000E+00
0.00000E+00
-2.40901E-02
0.00000E+00
0.00000E+00
0.00000E+00
0.00000E+00
-1.61972E-02
0.00000E+00
0.00000E+00
-9.85077E-03
0.00000E+00
0.00000E+00
-5.04576E-03
0.00000E+00
-1.85453E-03
0.00000E+00
0.00000E+00
-3.06328E-04
0.00000E+00
0.00000E+00
0.00000E+00
0.00000E+00
0.00000E+00
0.00000E+00
0.00000E+00
0.00000E+00

